0.000000 25.000000
1.000000 29.937177
2.000000 33.668856
3.000000 36.547875
4.000000 38.620191
5.000000 40.164185
6.000000 41.165221
7.000000 41.852346
8.000000 42.289236
9.000000 42.539261
10.000000 42.520893
11.000000 42.450330
12.000000 42.359206
13.000000 42.152409
14.000000 41.990358
15.000000 41.759257
16.000000 41.604496
17.000000 41.400551
18.000000 41.283646
19.000000 41.101698
20.000000 40.892098
21.000000 40.663324
22.000000 40.421273
23.000000 40.150100
24.000000 39.876606
25.000000 39.601700
26.000000 39.325998
27.000000 39.030003
28.000000 38.737779
29.000000 38.448252
30.000000 38.160370
31.000000 37.853340
32.000000 37.550280
33.000000 37.249478
34.000000 36.949487
35.000000 36.629314
36.000000 36.312013
37.000000 35.995905
38.000000 35.679641
39.000000 35.342355
40.000000 35.007247
41.000000 34.672778
42.000000 34.337733
43.000000 33.981363
44.000000 33.626964
45.000000 33.273079
46.000000 33.037044
47.000000 32.773324
48.000000 32.466400
49.000000 32.143829
50.000000 31.926114
51.000000 31.670289
52.000000 31.382670
53.000000 31.186904
54.000000 31.061396
55.000000 30.850630
56.000000 30.709374
57.000000 30.620596
58.000000 30.570810
59.000000 30.549259
60.000000 30.428814
61.000000 30.347366
62.000000 30.294916
63.000000 30.263468
64.000000 30.246809
65.000000 30.121749
66.000000 30.029415
67.000000 29.962341
68.000000 29.914478
69.000000 29.881030
70.000000 29.858262
71.000000 29.724826
72.000000 29.623149
73.000000 29.546358
74.000000 29.488855
75.000000 29.446156
76.000000 29.414715
77.000000 29.391759
78.000000 29.375150
79.000000 29.362970
80.000000 29.353621
81.000000 29.345842
82.000000 29.338688
83.000000 29.193251
84.000000 29.077770
85.000000 29.124397
86.000000 29.159592
87.000000 29.185304
88.000000 29.203183
89.000000 29.214625
90.000000 29.339293
91.000000 29.433266
92.000000 29.501938
93.000000 29.549995
94.000000 29.581429
95.000000 29.599596
96.000000 29.725772
97.000000 29.817663
98.000000 29.882408
99.000000 30.044422
100.000000 30.163961
101.000000 30.249911
102.000000 30.309421
103.000000 30.348209
104.000000 30.371109
105.000000 30.382086
106.000000 30.384319
107.000000 30.380574
108.000000 30.373122
109.000000 30.363726
110.000000 30.491931
111.000000 30.589965
112.000000 30.664240
113.000000 30.719828
114.000000 30.760725
115.000000 30.790071
116.000000 30.810332
117.000000 30.823441
118.000000 30.831243
119.000000 30.835354
120.000000 30.837106
121.000000 30.837547
122.000000 30.837457
123.000000 30.837390
124.000000 30.837711
125.000000 30.838635
126.000000 30.840263
127.000000 30.842613
128.000000 30.845649
129.000000 30.849298
130.000000 30.853471
131.000000 30.858073
132.000000 30.863011
133.000000 30.868200
134.000000 30.873568
135.000000 30.879054
136.000000 30.884610
137.000000 30.890198
138.000000 30.895792
139.000000 30.901375
140.000000 30.906934
141.000000 30.912465
142.000000 30.917965
143.000000 30.923435
144.000000 30.790637
145.000000 30.688252
146.000000 30.610452
147.000000 30.552497
148.000000 30.510530
149.000000 30.481414
150.000000 30.462597
151.000000 30.452006
152.000000 30.585868
153.000000 30.693719
154.000000 30.779890
155.000000 30.847934
156.000000 30.900801
157.000000 30.940974
158.000000 30.970561
159.000000 30.991363
160.000000 31.005246
161.000000 31.013955
162.000000 31.019007
163.000000 31.021661
164.000000 31.022912
165.000000 31.023517
166.000000 31.024021
167.000000 31.024790
168.000000 31.026051
169.000000 31.027919
170.000000 31.030429
171.000000 31.033560
172.000000 31.037255
173.000000 31.041439
174.000000 31.046026
175.000000 31.050935
176.000000 31.056087
177.000000 31.061415
178.000000 31.066862
179.000000 31.072382
180.000000 31.077939
181.000000 31.083507
182.000000 30.950828
183.000000 30.986808
184.000000 31.016932
185.000000 31.042284
186.000000 31.063750
187.000000 31.082049
188.000000 31.097773
189.000000 31.111402
190.000000 31.123002
191.000000 31.132801
192.000000 31.141092
193.000000 31.148183
194.000000 31.154362
195.000000 31.021639
196.000000 30.918906
197.000000 30.840500
198.000000 30.781811
199.000000 30.739075
200.000000 30.709220
201.000000 30.689735
202.000000 30.678567
203.000000 30.673713
204.000000 30.673382
205.000000 30.557578
206.000000 30.469674
207.000000 30.403750
208.000000 30.355070
209.000000 30.319864
210.000000 30.295154
211.000000 30.278595
212.000000 30.268352
213.000000 30.262713
214.000000 30.260202
215.000000 30.259618
216.000000 30.260035
217.000000 30.260769
218.000000 30.261347
219.000000 30.261467
220.000000 30.260960
221.000000 30.259757
222.000000 30.257860
223.000000 30.255318
224.000000 30.252208
225.000000 30.367112
226.000000 30.455542
227.000000 30.522583
228.000000 30.572382
229.000000 30.608313
230.000000 30.633125
231.000000 30.649048
232.000000 30.657897
233.000000 30.661418
234.000000 30.661163
235.000000 30.658424
236.000000 30.654231
237.000000 30.649362
238.000000 30.644380
239.000000 30.639665
240.000000 30.635451
241.000000 30.631858
242.000000 30.628922
243.000000 30.626624
244.000000 30.624905
245.000000 30.623689
246.000000 30.622888
247.000000 30.622418
248.000000 30.622199
249.000000 30.760403
250.000000 30.868293
251.000000 30.951653
252.000000 31.015192
253.000000 31.062743
254.000000 31.097428
255.000000 31.121790
256.000000 31.137897
257.000000 31.147763
258.000000 31.153175
259.000000 31.155637
260.000000 31.156344
261.000000 31.156210
262.000000 31.155897
263.000000 31.155853
264.000000 31.018119
265.000000 30.911518
266.000000 30.830270
267.000000 30.769611
268.000000 30.725620
269.000000 30.576576
270.000000 30.464408
271.000000 30.381943
272.000000 30.323010
273.000000 30.282430
274.000000 30.255943
275.000000 30.240112
276.000000 30.232203
277.000000 30.229803
278.000000 30.230907
279.000000 30.233941
280.000000 30.237727
281.000000 30.241435
282.000000 30.244522
283.000000 30.246670
284.000000 30.129241
285.000000 30.036793
286.000000 29.964389
287.000000 29.908075
288.000000 29.864681
289.000000 29.831661
290.000000 29.806967
291.000000 29.788947
292.000000 29.775987
293.000000 29.766644
294.000000 29.759706
295.000000 29.754205
296.000000 29.867894
297.000000 29.955655
298.000000 30.022121
299.000000 30.071129
300.000000 27.606426
301.000000 25.457514
302.000000 23.722172
303.000000 22.323007
304.000000 21.209007
305.000000 20.337035
306.000000 19.670463
307.000000 19.059588
308.000000 18.616434
309.000000 18.423542
310.000000 18.304828
311.000000 18.238832
312.000000 18.208179
313.000000 18.080872
314.000000 18.109943
315.000000 18.138445
316.000000 18.162284
317.000000 18.179404
318.000000 18.189196
319.000000 18.192024
320.000000 18.070360
321.000000 18.088277
322.000000 17.979013
323.000000 17.889459
324.000000 17.816685
325.000000 17.876876
326.000000 17.923591
327.000000 17.960274
328.000000 18.107880
329.000000 18.223896
330.000000 18.314733
331.000000 18.385449
332.000000 18.440074
333.000000 18.482133
334.000000 18.652864
335.000000 18.786084
336.000000 18.889943
337.000000 18.971185
338.000000 19.035301
339.000000 19.205191
340.000000 19.339762
341.000000 19.446740
342.000000 19.532619
343.000000 19.602729
344.000000 19.661354
345.000000 19.711871
346.000000 19.756899
347.000000 19.798712
348.000000 19.839166
349.000000 19.879694
350.000000 19.921344
351.000000 19.964835
352.000000 20.010625
353.000000 20.058961
354.000000 20.109942
355.000000 20.282053
356.000000 20.430634
357.000000 20.560570
358.000000 20.675796
359.000000 20.779488
360.000000 20.874217
361.000000 20.843577
362.000000 20.833842
363.000000 20.841678
364.000000 20.864510
365.000000 20.900287
366.000000 20.947333
367.000000 21.004240
368.000000 21.069806
369.000000 21.142710
370.000000 21.221681
371.000000 21.305591
372.000000 21.393490
373.000000 21.484617
374.000000 21.578390
375.000000 21.674386
376.000000 21.772318
377.000000 21.753518
378.000000 21.762479
379.000000 21.794180
380.000000 21.844576
381.000000 21.910409
382.000000 21.989052
383.000000 22.078382
384.000000 22.176681
385.000000 22.282268
386.000000 22.255394
387.000000 22.263447
388.000000 22.299528
389.000000 22.358025
390.000000 22.434362
391.000000 22.524784
392.000000 22.626193
393.000000 22.617537
394.000000 22.640990
395.000000 22.689520
396.000000 22.757430
397.000000 22.840166
398.000000 22.934130
399.000000 23.073080
400.000000 23.173671
401.000000 23.244029
402.000000 23.290670
403.000000 23.200383
404.000000 23.122069
405.000000 23.054287
406.000000 22.995912
407.000000 22.946155
408.000000 22.904363
409.000000 22.869910
410.000000 22.842156
411.000000 22.820153
412.000000 22.802852
413.000000 22.789230
414.000000 22.778355
415.000000 22.769422
416.000000 22.761766
417.000000 22.754860
418.000000 22.748303
419.000000 22.623314
420.000000 22.642771
421.000000 22.656974
422.000000 22.548303
423.000000 22.462077
424.000000 22.393926
425.000000 22.340316
426.000000 22.298387
427.000000 22.127306
428.000000 21.993795
429.000000 21.890535
430.000000 21.811352
431.000000 21.632634
432.000000 21.494776
433.000000 21.389401
434.000000 21.309746
435.000000 21.250049
436.000000 21.205532
437.000000 21.172334
438.000000 21.147392
439.000000 21.128054
440.000000 21.112150
441.000000 21.098004
442.000000 21.084381
443.000000 21.070432
444.000000 21.055616
445.000000 21.039636
446.000000 21.022375
447.000000 21.003845
448.000000 20.984141
449.000000 20.963408
450.000000 20.941811
451.000000 20.919523
452.000000 20.896704
453.000000 20.873497
454.000000 20.850026
455.000000 20.826390
456.000000 20.802668
457.000000 20.778918
458.000000 20.755181
459.000000 20.731486
460.000000 20.707847
461.000000 20.684272
462.000000 20.660763
463.000000 20.637317
464.000000 20.613929
465.000000 20.590591
466.000000 20.567296
467.000000 20.544039
468.000000 20.520812
469.000000 20.497610
470.000000 20.474430
471.000000 20.451266
472.000000 20.428118
473.000000 20.404983
474.000000 20.381859
475.000000 20.358747
476.000000 20.335646
477.000000 20.312556
478.000000 20.289478
479.000000 20.147919
480.000000 20.032460
481.000000 19.938103
482.000000 19.860783
483.000000 19.797190
484.000000 19.744633
485.000000 19.700924
486.000000 19.664281
487.000000 19.632979
488.000000 19.605482
489.000000 19.580507
490.000000 19.675520
491.000000 19.745161
492.000000 19.793862
493.000000 19.825304
494.000000 19.842557
495.000000 19.848184
496.000000 19.844332
497.000000 19.832793
498.000000 19.815345
499.000000 19.793596
500.000000 19.768913
501.000000 19.742403
502.000000 19.714807
503.000000 19.686698
504.000000 19.658492
505.000000 19.511981
506.000000 19.391922
507.000000 19.293410
508.000000 19.330901
509.000000 19.356493
510.000000 19.372452
511.000000 19.380602
512.000000 19.500903
513.000000 19.589677
514.000000 19.652521
515.000000 19.832185
516.000000 19.963959
517.000000 20.057085
518.000000 20.119190
519.000000 20.156531
520.000000 20.174503
521.000000 20.177626
522.000000 20.169597
523.000000 20.153708
524.000000 20.132707
525.000000 20.108776
526.000000 20.202055
527.000000 20.269142
528.000000 20.315825
529.000000 20.346646
530.000000 20.246659
531.000000 20.163198
532.000000 20.093397
533.000000 20.034835
534.000000 19.985756
535.000000 19.944812
536.000000 19.910913
537.000000 19.883132
538.000000 19.860373
539.000000 19.841539
540.000000 19.825630
541.000000 19.930274
542.000000 20.010181
543.000000 20.069787
544.000000 20.112735
545.000000 20.142031
546.000000 20.160162
547.000000 20.169193
548.000000 20.170838
549.000000 20.166809
550.000000 20.277146
551.000000 20.358584
552.000000 20.417191
553.000000 20.457861
554.000000 20.484513
555.000000 20.500261
556.000000 20.389080
557.000000 20.297484
558.000000 20.222266
559.000000 20.160893
560.000000 20.111299
561.000000 20.071751
562.000000 20.040760
563.000000 20.017030
564.000000 19.880647
565.000000 19.774824
566.000000 19.693344
567.000000 19.492870
568.000000 19.476176
569.000000 19.465413
570.000000 19.320760
571.000000 19.347903
572.000000 19.371114
573.000000 19.390407
574.000000 19.267568
575.000000 19.309270
576.000000 19.341066
577.000000 19.364297
578.000000 19.379891
579.000000 19.507396
580.000000 19.603294
581.000000 19.673589
582.000000 19.722930
583.000000 19.873816
584.000000 19.985068
585.000000 20.064521
586.000000 20.118583
587.000000 20.152747
588.000000 20.171604
589.000000 20.178901
590.000000 20.177639
591.000000 20.170453
592.000000 20.159519
593.000000 20.146545
594.000000 20.132802
595.000000 20.119184
596.000000 20.106274
597.000000 20.094409
598.000000 20.083737
599.000000 20.074278
600.000000 18.816237
601.000000 17.722913
602.000000 16.841943
603.000000 16.133555
604.000000 15.571193
605.000000 15.250836
606.000000 15.008788
607.000000 14.715304
608.000000 14.502252
609.000000 14.352098
610.000000 14.249493
611.000000 14.181576
612.000000 14.137966
613.000000 14.110849
614.000000 14.094502
615.000000 14.084595
616.000000 14.078024
617.000000 14.072702
618.000000 14.067352
619.000000 14.061305
620.000000 14.054322
621.000000 14.046458
622.000000 14.037940
623.000000 14.029087
624.000000 14.020246
625.000000 14.011753
626.000000 14.003900
627.000000 13.996931
628.000000 13.991031
629.000000 13.986327
630.000000 13.982898
631.000000 13.980781
632.000000 13.979978
633.000000 13.861972
634.000000 13.771301
635.000000 13.702915
636.000000 13.652687
637.000000 13.617248
638.000000 13.593849
639.000000 13.580244
640.000000 13.574605
641.000000 13.575164
642.000000 13.461857
643.000000 13.377951
644.000000 13.317399
645.000000 13.275340
646.000000 13.247891
647.000000 13.231966
648.000000 13.225134
649.000000 13.225487
650.000000 13.231257
651.000000 13.240928
652.000000 13.253273
653.000000 13.267342
654.000000 13.282445
655.000000 13.298107
656.000000 13.314030
657.000000 13.330055
658.000000 13.346126
659.000000 13.362258
660.000000 13.497008
661.000000 13.605888
662.000000 13.694002
663.000000 13.765526
664.000000 13.823871
665.000000 13.871822
666.000000 14.030144
667.000000 14.156106
668.000000 14.256489
669.000000 14.336940
670.000000 14.402092
671.000000 14.455687
672.000000 14.500720
673.000000 14.658043
674.000000 14.785200
675.000000 14.888974
676.000000 14.974851
677.000000 15.047215
678.000000 15.109529
679.000000 15.164501
680.000000 15.214227
681.000000 15.260592
682.000000 15.305177
683.000000 15.349234
684.000000 15.393699
685.000000 15.439231
686.000000 15.486256
687.000000 15.673252
688.000000 15.693389
689.000000 15.859383
690.000000 15.863102
691.000000 15.877966
692.000000 15.901905
693.000000 15.933156
694.000000 15.970235
695.000000 16.012261
696.000000 15.939867
697.000000 15.897144
698.000000 15.878473
699.000000 15.897426
700.000000 15.909511
701.000000 15.916547
702.000000 15.919979
703.000000 15.920959
704.000000 15.920137
705.000000 15.917902
706.000000 15.914533
707.000000 15.910316
708.000000 15.787017
709.000000 15.689428
710.000000 15.612720
711.000000 15.552950
712.000000 15.506897
713.000000 15.471925
714.000000 15.445880
715.000000 15.426997
716.000000 15.413553
717.000000 15.404006
718.000000 15.397060
719.000000 15.391676
720.000000 15.387060
721.000000 15.264141
722.000000 15.285595
723.000000 15.183102
724.000000 15.102040
725.000000 15.038120
726.000000 14.987902
727.000000 14.948626
728.000000 14.918083
729.000000 14.894219
730.000000 14.875529
731.000000 14.979108
732.000000 15.059171
733.000000 15.001243
734.000000 15.071704
735.000000 15.005231
736.000000 15.068130
737.000000 14.995027
738.000000 14.933689
739.000000 15.000539
740.000000 14.930996
741.000000 14.873211
742.000000 14.943738
743.000000 14.996205
744.000000 15.034302
745.000000 15.060818
746.000000 14.959402
747.000000 14.876591
748.000000 14.808808
749.000000 14.753049
750.000000 14.707105
751.000000 14.669303
752.000000 14.638334
753.000000 14.613138
754.000000 14.592554
755.000000 14.575469
756.000000 14.560897
757.000000 14.548009
758.000000 14.536142
759.000000 14.524787
760.000000 14.513571
761.000000 14.502237
762.000000 14.490620
763.000000 14.478632
764.000000 14.466237
765.000000 14.453444
766.000000 14.440283
767.000000 14.426800
768.000000 14.413045
769.000000 14.399071
770.000000 14.384927
771.000000 14.370659
772.000000 14.356303
773.000000 14.341889
774.000000 14.445931
775.000000 14.523866
776.000000 14.580703
777.000000 14.620515
778.000000 14.646615
779.000000 14.661697
780.000000 14.667949
781.000000 14.667150
782.000000 14.661024
783.000000 14.651103
784.000000 14.638669
785.000000 14.624747
786.000000 14.610116
787.000000 14.595338
788.000000 14.580796
789.000000 14.566726
790.000000 14.434760
791.000000 14.448009
792.000000 14.456879
793.000000 14.343756
794.000000 14.372396
795.000000 14.393754
796.000000 14.409182
797.000000 14.419768
798.000000 14.426114
799.000000 14.428857
800.000000 14.547101
801.000000 14.636603
802.000000 14.702811
803.000000 14.750255
804.000000 14.782680
805.000000 14.803159
806.000000 14.814198
807.000000 14.817829
808.000000 14.815970
809.000000 14.810297
810.000000 14.802183
811.000000 14.792709
812.000000 14.901173
813.000000 14.983569
814.000000 14.926782
815.000000 14.998174
816.000000 14.933086
817.000000 14.879743
818.000000 14.836057
819.000000 14.800283
820.000000 14.771251
821.000000 14.748117
822.000000 14.729934
823.000000 14.597561
824.000000 14.494807
825.000000 14.415902
826.000000 14.356070
827.000000 14.311390
828.000000 14.278668
829.000000 14.255315
830.000000 14.239250
831.000000 14.228532
832.000000 14.221483
833.000000 14.216731
834.000000 14.331703
835.000000 14.421024
836.000000 14.489139
837.000000 14.421263
838.000000 14.365081
839.000000 14.318197
840.000000 14.397217
841.000000 14.337589
842.000000 14.288006
843.000000 14.246981
844.000000 14.213363
845.000000 14.185933
846.000000 14.163523
847.000000 14.145078
848.000000 14.129967
849.000000 14.117507
850.000000 14.107045
851.000000 14.098006
852.000000 14.089909
853.000000 14.082369
854.000000 14.075095
855.000000 14.067876
856.000000 14.179057
857.000000 14.263966
858.000000 14.327554
859.000000 14.373871
860.000000 14.287739
861.000000 14.216452
862.000000 14.275724
863.000000 14.318720
864.000000 14.348889
865.000000 14.369169
866.000000 14.381990
867.000000 14.389310
868.000000 14.392387
869.000000 14.392045
870.000000 14.389116
871.000000 14.384356
872.000000 14.378396
873.000000 14.371740
874.000000 14.364768
875.000000 14.357751
876.000000 14.350872
877.000000 14.344241
878.000000 14.337917
879.000000 14.331916
880.000000 14.326227
881.000000 14.320821
882.000000 14.315656
883.000000 14.310689
884.000000 14.305877
885.000000 14.301180
886.000000 14.296562
887.000000 14.410490
888.000000 14.379867
889.000000 14.472748
890.000000 14.543607
891.000000 14.596674
892.000000 14.635393
893.000000 14.544073
894.000000 14.588071
895.000000 14.619943
896.000000 14.642210
897.000000 14.657108
898.000000 14.666529
899.000000 14.672015
900.000000 14.674785
901.000000 14.675493
902.000000 14.674749
903.000000 14.673076
904.000000 14.670893
905.000000 14.668514
906.000000 14.666162
907.000000 14.663980
908.000000 14.662052
909.000000 14.541924
910.000000 14.448181
911.000000 14.375807
912.000000 14.320706
913.000000 14.279532
914.000000 14.249551
915.000000 14.110046
916.000000 14.003782
917.000000 13.924004
918.000000 13.865088
919.000000 13.822420
920.000000 13.792272
921.000000 13.771665
922.000000 13.758246
923.000000 13.631413
924.000000 13.533973
925.000000 13.578011
926.000000 13.613816
927.000000 13.642317
928.000000 13.664383
929.000000 13.680828
930.000000 13.692414
931.000000 13.699564
932.000000 13.821058
933.000000 13.912843
934.000000 13.980541
935.000000 14.028847
936.000000 14.061649
937.000000 14.082145
938.000000 14.092948
939.000000 14.214667
940.000000 14.304710
941.000000 14.369798
942.000000 14.415415
943.000000 14.445975
944.000000 14.464995
945.000000 14.475245
946.000000 14.478885
947.000000 14.359371
948.000000 14.262919
949.000000 14.185829
950.000000 14.125016
951.000000 14.077869
952.000000 14.042163
953.000000 14.015988
954.000000 13.997702
955.000000 13.985612
956.000000 14.096640
957.000000 14.184839
958.000000 14.254077
959.000000 14.445768
960.000000 14.593870
961.000000 14.706418
962.000000 14.790020
963.000000 14.850118
964.000000 14.891476
965.000000 14.918155
966.000000 14.933537
967.000000 14.940713
968.000000 14.942320
969.000000 14.940498
970.000000 14.936899
971.000000 14.932741
972.000000 14.790624
973.000000 14.679764
974.000000 14.594632
975.000000 14.530605
976.000000 14.483819
977.000000 14.332552
978.000000 14.218693
979.000000 14.135007
980.000000 14.075252
981.000000 14.152666
982.000000 14.099846
983.000000 14.181358
984.000000 14.248904
985.000000 14.304263
986.000000 14.348846
987.000000 14.383854
988.000000 14.410376
989.000000 14.429701
990.000000 14.442868
991.000000 14.451028
992.000000 14.455306
993.000000 14.456721
994.000000 14.456144
995.000000 14.335798
996.000000 14.240822
997.000000 14.166639
998.000000 14.109482
999.000000 14.066238
1000.000000 14.034334
1001.000000 14.011637
1002.000000 13.996377
1003.000000 13.986811
1004.000000 13.981367
1005.000000 14.097204
1006.000000 14.188670
1007.000000 14.259936
1008.000000 14.314461
1009.000000 14.355128
1010.000000 14.384359
1011.000000 14.404189
1012.000000 14.416339
1013.000000 14.422533
1014.000000 14.424349
1015.000000 14.423140
1016.000000 14.558249
1017.000000 14.661858
1018.000000 14.740443
1019.000000 14.799201
1020.000000 14.842291
1021.000000 14.873029
1022.000000 14.894051
1023.000000 14.907445
1024.000000 14.915194
1025.000000 14.919026
1026.000000 14.920366
1027.000000 14.920325
1028.000000 14.919735
1029.000000 14.919181
1030.000000 14.919051
1031.000000 14.919572
1032.000000 14.782612
1033.000000 14.676865
1034.000000 14.596459
1035.000000 14.536571
1036.000000 14.493244
1037.000000 14.601475
1038.000000 14.689933
1039.000000 14.762281
1040.000000 14.682930
1041.000000 14.760804
1042.000000 14.822980
1043.000000 14.871864
1044.000000 14.909478
1045.000000 14.937880
1046.000000 14.958986
1047.000000 14.974490
1048.000000 14.985505
1049.000000 14.993117
1050.000000 14.998298
1051.000000 15.001865
1052.000000 15.004471
1053.000000 15.006615
1054.000000 15.008657
1055.000000 15.010844
1056.000000 15.013327
1057.000000 15.016189
1058.000000 15.019461
1059.000000 15.023131
1060.000000 15.027166
1061.000000 15.031520
1062.000000 15.036136
1063.000000 15.040963
1064.000000 15.045949
1065.000000 14.912810
1066.000000 14.810189
1067.000000 14.732223
1068.000000 14.674148
1069.000000 14.632083
1070.000000 14.602875
1071.000000 14.722202
1072.000000 14.819305
1073.000000 14.897996
1074.000000 14.961229
1075.000000 15.011368
1076.000000 15.050359
1077.000000 15.079846
1078.000000 15.101252
1079.000000 15.116144
1080.000000 15.126034
1081.000000 15.132278
1082.000000 15.136021
1083.000000 14.999955
1084.000000 14.893476
1085.000000 14.811286
1086.000000 14.749018
1087.000000 14.703055
1088.000000 14.670397
1089.000000 14.648551
1090.000000 14.635447
1091.000000 14.767281
1092.000000 14.873532
1093.000000 14.958468
1094.000000 15.025570
1095.000000 15.077724
1096.000000 15.117355
1097.000000 15.146519
1098.000000 15.166975
1099.000000 0.000000
1100.000000 0.000000
1101.000000 0.000000
1102.000000 0.000000
1103.000000 0.000000
1104.000000 0.000000
1105.000000 0.000000
1106.000000 0.000000
1107.000000 0.000000
1108.000000 0.000000
1109.000000 0.000000
1110.000000 0.000000
1111.000000 0.000000
1112.000000 0.000000
1113.000000 0.000000
1114.000000 0.000000
1115.000000 0.000000
1116.000000 0.000000
1117.000000 0.000000
1118.000000 0.000000
1119.000000 0.000000
1120.000000 0.000000
1121.000000 0.000000
1122.000000 0.000000
1123.000000 0.000000
1124.000000 0.000000
1125.000000 0.000000
1126.000000 0.000000
1127.000000 0.000000
1128.000000 0.000000
1129.000000 0.000000
1130.000000 0.000000
1131.000000 0.000000
1132.000000 0.000000
1133.000000 0.000000
1134.000000 0.000000
1135.000000 0.000000
1136.000000 0.000000
1137.000000 0.000000
1138.000000 0.000000
1139.000000 0.000000
1140.000000 0.000000
1141.000000 0.000000
1142.000000 0.000000
1143.000000 0.000000
1144.000000 0.000000
1145.000000 0.000000
1146.000000 0.000000
1147.000000 0.000000
1148.000000 0.000000
1149.000000 0.000000
1150.000000 0.000000
1151.000000 0.000000
1152.000000 0.000000
1153.000000 0.000000
1154.000000 0.000000
1155.000000 0.000000
1156.000000 0.000000
1157.000000 0.000000
1158.000000 0.000000
1159.000000 0.000000
1160.000000 0.000000
1161.000000 0.000000
1162.000000 0.000000
1163.000000 0.000000
1164.000000 0.000000
1165.000000 0.000000
1166.000000 0.000000
1167.000000 0.000000
1168.000000 0.000000
1169.000000 0.000000
1170.000000 0.000000
1171.000000 0.000000
1172.000000 0.000000
1173.000000 0.000000
1174.000000 0.000000
1175.000000 0.000000
1176.000000 0.000000
1177.000000 0.000000
1178.000000 0.000000
1179.000000 0.000000
1180.000000 0.000000
1181.000000 0.000000
1182.000000 0.000000
1183.000000 0.000000
1184.000000 0.000000
1185.000000 0.000000
1186.000000 0.000000
1187.000000 0.000000
1188.000000 0.000000
1189.000000 0.000000
1190.000000 0.000000
1191.000000 0.000000
1192.000000 0.000000
1193.000000 0.000000
1194.000000 0.000000
1195.000000 0.000000
1196.000000 0.000000
1197.000000 0.000000
1198.000000 0.000000
1199.000000 0.000000
1200.000000 0.000000
1201.000000 0.000000
1202.000000 0.000000
1203.000000 0.000000
1204.000000 0.000000
1205.000000 0.000000
1206.000000 0.000000
1207.000000 0.000000
1208.000000 0.000000
1209.000000 0.000000
1210.000000 0.000000
1211.000000 0.000000
1212.000000 0.000000
1213.000000 0.000000
1214.000000 0.000000
1215.000000 0.000000
1216.000000 0.000000
1217.000000 0.000000
1218.000000 0.000000
1219.000000 0.000000
1220.000000 0.000000
1221.000000 0.000000
1222.000000 0.000000
1223.000000 0.000000
1224.000000 0.000000
1225.000000 0.000000
1226.000000 0.000000
1227.000000 0.000000
1228.000000 0.000000
1229.000000 0.000000
1230.000000 0.000000
1231.000000 0.000000
1232.000000 0.000000
1233.000000 0.000000
1234.000000 0.000000
1235.000000 0.000000
1236.000000 0.000000
1237.000000 0.000000
1238.000000 0.000000
1239.000000 0.000000
1240.000000 0.000000
1241.000000 0.000000
1242.000000 0.000000
1243.000000 0.000000
1244.000000 0.000000
1245.000000 0.000000
1246.000000 0.000000
1247.000000 0.000000
1248.000000 0.000000
1249.000000 0.000000
1250.000000 0.000000
1251.000000 0.000000
1252.000000 0.000000
1253.000000 0.000000
1254.000000 0.000000
1255.000000 0.000000
1256.000000 0.000000
1257.000000 0.000000
1258.000000 0.000000
1259.000000 0.000000
1260.000000 0.000000
1261.000000 0.000000
1262.000000 0.000000
1263.000000 0.000000
1264.000000 0.000000
1265.000000 0.000000
1266.000000 0.000000
1267.000000 0.000000
1268.000000 0.000000
1269.000000 0.000000
1270.000000 0.000000
1271.000000 0.000000
1272.000000 0.000000
1273.000000 0.000000
1274.000000 0.000000
1275.000000 0.000000
1276.000000 0.000000
1277.000000 0.000000
1278.000000 0.000000
1279.000000 0.000000
1280.000000 0.000000
1281.000000 0.000000
1282.000000 0.000000
1283.000000 0.000000
1284.000000 0.000000
1285.000000 0.000000
1286.000000 0.000000
1287.000000 0.000000
1288.000000 0.000000
1289.000000 0.000000
1290.000000 0.000000
1291.000000 0.000000
1292.000000 0.000000
1293.000000 0.000000
1294.000000 0.000000
1295.000000 0.000000
1296.000000 0.000000
1297.000000 0.000000
1298.000000 0.000000
1299.000000 0.000000
1300.000000 0.000000
1301.000000 0.000000
1302.000000 0.000000
1303.000000 0.000000
1304.000000 0.000000
1305.000000 0.000000
1306.000000 0.000000
1307.000000 0.000000
1308.000000 0.000000
1309.000000 0.000000
1310.000000 0.000000
1311.000000 0.000000
1312.000000 0.000000
1313.000000 0.000000
1314.000000 0.000000
1315.000000 0.000000
1316.000000 0.000000
1317.000000 0.000000
1318.000000 0.000000
1319.000000 0.000000
1320.000000 0.000000
1321.000000 0.000000
1322.000000 0.000000
1323.000000 0.000000
1324.000000 0.000000
1325.000000 0.000000
1326.000000 0.000000
1327.000000 0.000000
1328.000000 0.000000
1329.000000 0.000000
1330.000000 0.000000
1331.000000 0.000000
1332.000000 0.000000
1333.000000 0.000000
1334.000000 0.000000
1335.000000 0.000000
1336.000000 0.000000
1337.000000 0.000000
1338.000000 0.000000
1339.000000 0.000000
1340.000000 0.000000
1341.000000 0.000000
1342.000000 0.000000
1343.000000 0.000000
1344.000000 0.000000
1345.000000 0.000000
1346.000000 0.000000
1347.000000 0.000000
1348.000000 0.000000
1349.000000 0.000000
1350.000000 0.000000
1351.000000 0.000000
1352.000000 0.000000
1353.000000 0.000000
1354.000000 0.000000
1355.000000 0.000000
1356.000000 0.000000
1357.000000 0.000000
1358.000000 0.000000
1359.000000 0.000000
1360.000000 0.000000
1361.000000 0.000000
1362.000000 0.000000
1363.000000 0.000000
1364.000000 0.000000
1365.000000 0.000000
1366.000000 0.000000
1367.000000 0.000000
1368.000000 0.000000
1369.000000 0.000000
1370.000000 0.000000
1371.000000 0.000000
1372.000000 0.000000
1373.000000 0.000000
1374.000000 0.000000
1375.000000 0.000000
1376.000000 0.000000
1377.000000 0.000000
1378.000000 0.000000
1379.000000 0.000000
1380.000000 0.000000
1381.000000 0.000000
1382.000000 0.000000
1383.000000 0.000000
1384.000000 0.000000
1385.000000 0.000000
1386.000000 0.000000
1387.000000 0.000000
1388.000000 0.000000
1389.000000 0.000000
1390.000000 0.000000
1391.000000 0.000000
1392.000000 0.000000
1393.000000 0.000000
1394.000000 0.000000
1395.000000 0.000000
1396.000000 0.000000
1397.000000 0.000000
1398.000000 0.000000
1399.000000 0.000000
1400.000000 0.000000
1401.000000 0.000000
1402.000000 0.000000
1403.000000 0.000000
1404.000000 0.000000
1405.000000 0.000000
1406.000000 0.000000
1407.000000 0.000000
1408.000000 0.000000
1409.000000 0.000000
1410.000000 0.000000
1411.000000 0.000000
1412.000000 0.000000
1413.000000 0.000000
1414.000000 0.000000
1415.000000 0.000000
1416.000000 0.000000
1417.000000 0.000000
1418.000000 0.000000
1419.000000 0.000000
1420.000000 0.000000
1421.000000 0.000000
1422.000000 0.000000
1423.000000 0.000000
1424.000000 0.000000
1425.000000 0.000000
1426.000000 0.000000
1427.000000 0.000000
1428.000000 0.000000
1429.000000 0.000000
1430.000000 0.000000
1431.000000 0.000000
1432.000000 0.000000
1433.000000 0.000000
1434.000000 0.000000
1435.000000 0.000000
1436.000000 0.000000
1437.000000 0.000000
1438.000000 0.000000
1439.000000 0.000000
1440.000000 0.000000
1441.000000 0.000000
1442.000000 0.000000
1443.000000 0.000000
1444.000000 0.000000
1445.000000 0.000000
1446.000000 0.000000
1447.000000 0.000000
1448.000000 0.000000
1449.000000 0.000000
1450.000000 0.000000
1451.000000 0.000000
1452.000000 0.000000
1453.000000 0.000000
1454.000000 0.000000
1455.000000 0.000000
1456.000000 0.000000
1457.000000 0.000000
1458.000000 0.000000
1459.000000 0.000000
1460.000000 0.000000
1461.000000 0.000000
1462.000000 0.000000
1463.000000 0.000000
1464.000000 0.000000
1465.000000 0.000000
1466.000000 0.000000
1467.000000 0.000000
1468.000000 0.000000
1469.000000 0.000000
1470.000000 0.000000
1471.000000 0.000000
1472.000000 0.000000
1473.000000 0.000000
1474.000000 0.000000
1475.000000 0.000000
1476.000000 0.000000
1477.000000 0.000000
1478.000000 0.000000
1479.000000 0.000000
1480.000000 0.000000
1481.000000 0.000000
1482.000000 0.000000
1483.000000 0.000000
1484.000000 0.000000
1485.000000 0.000000
1486.000000 0.000000
1487.000000 0.000000
1488.000000 0.000000
1489.000000 0.000000
1490.000000 0.000000
1491.000000 0.000000
1492.000000 0.000000
1493.000000 0.000000
1494.000000 0.000000
1495.000000 0.000000
1496.000000 0.000000
1497.000000 0.000000
1498.000000 0.000000
1499.000000 0.000000
1500.000000 0.000000
1501.000000 0.000000
1502.000000 0.000000
1503.000000 0.000000
1504.000000 0.000000
1505.000000 0.000000
1506.000000 0.000000
1507.000000 0.000000
1508.000000 0.000000
1509.000000 0.000000
1510.000000 0.000000
1511.000000 0.000000
1512.000000 0.000000
1513.000000 0.000000
1514.000000 0.000000
1515.000000 0.000000
1516.000000 0.000000
1517.000000 0.000000
1518.000000 0.000000
1519.000000 0.000000
1520.000000 0.000000
1521.000000 0.000000
1522.000000 0.000000
1523.000000 0.000000
1524.000000 0.000000
1525.000000 0.000000
1526.000000 0.000000
1527.000000 0.000000
1528.000000 0.000000
1529.000000 0.000000
1530.000000 0.000000
1531.000000 0.000000
1532.000000 0.000000
1533.000000 0.000000
1534.000000 0.000000
1535.000000 0.000000
1536.000000 0.000000
1537.000000 0.000000
1538.000000 0.000000
1539.000000 0.000000
1540.000000 0.000000
1541.000000 0.000000
1542.000000 0.000000
1543.000000 0.000000
1544.000000 0.000000
1545.000000 0.000000
1546.000000 0.000000
1547.000000 0.000000
1548.000000 0.000000
1549.000000 0.000000
1550.000000 0.000000
1551.000000 0.000000
1552.000000 0.000000
1553.000000 0.000000
1554.000000 0.000000
1555.000000 0.000000
1556.000000 0.000000
1557.000000 0.000000
1558.000000 0.000000
1559.000000 0.000000
1560.000000 0.000000
1561.000000 0.000000
1562.000000 0.000000
1563.000000 0.000000
1564.000000 0.000000
1565.000000 0.000000
1566.000000 0.000000
1567.000000 0.000000
1568.000000 0.000000
1569.000000 0.000000
1570.000000 0.000000
1571.000000 0.000000
1572.000000 0.000000
1573.000000 0.000000
1574.000000 0.000000
1575.000000 0.000000
1576.000000 0.000000
1577.000000 0.000000
1578.000000 0.000000
1579.000000 0.000000
1580.000000 0.000000
1581.000000 0.000000
1582.000000 0.000000
1583.000000 0.000000
1584.000000 0.000000
1585.000000 0.000000
1586.000000 0.000000
1587.000000 0.000000
1588.000000 0.000000
1589.000000 0.000000
1590.000000 0.000000
1591.000000 0.000000
1592.000000 0.000000
1593.000000 0.000000
1594.000000 0.000000
1595.000000 0.000000
1596.000000 0.000000
1597.000000 0.000000
1598.000000 0.000000
1599.000000 0.000000
1600.000000 0.000000
1601.000000 0.000000
1602.000000 0.000000
1603.000000 0.000000
1604.000000 0.000000
1605.000000 0.000000
1606.000000 0.000000
1607.000000 0.000000
1608.000000 0.000000
1609.000000 0.000000
1610.000000 0.000000
1611.000000 0.000000
1612.000000 0.000000
1613.000000 0.000000
1614.000000 0.000000
1615.000000 0.000000
1616.000000 0.000000
1617.000000 0.000000
1618.000000 0.000000
1619.000000 0.000000
1620.000000 0.000000
1621.000000 0.000000
1622.000000 0.000000
1623.000000 0.000000
1624.000000 0.000000
1625.000000 0.000000
1626.000000 0.000000
1627.000000 0.000000
1628.000000 0.000000
1629.000000 0.000000
1630.000000 0.000000
1631.000000 0.000000
1632.000000 0.000000
1633.000000 0.000000
1634.000000 0.000000
1635.000000 0.000000
1636.000000 0.000000
1637.000000 0.000000
1638.000000 0.000000
1639.000000 0.000000
1640.000000 0.000000
1641.000000 0.000000
1642.000000 0.000000
1643.000000 0.000000
1644.000000 0.000000
1645.000000 0.000000
1646.000000 0.000000
1647.000000 0.000000
1648.000000 0.000000
1649.000000 0.000000
1650.000000 0.000000
1651.000000 0.000000
1652.000000 0.000000
1653.000000 0.000000
1654.000000 0.000000
1655.000000 0.000000
1656.000000 0.000000
1657.000000 0.000000
1658.000000 0.000000
1659.000000 0.000000
1660.000000 0.000000
1661.000000 0.000000
1662.000000 0.000000
1663.000000 0.000000
1664.000000 0.000000
1665.000000 0.000000
1666.000000 0.000000
1667.000000 0.000000
1668.000000 0.000000
1669.000000 0.000000
1670.000000 0.000000
1671.000000 0.000000
1672.000000 0.000000
1673.000000 0.000000
1674.000000 0.000000
1675.000000 0.000000
1676.000000 0.000000
1677.000000 0.000000
1678.000000 0.000000
1679.000000 0.000000
1680.000000 0.000000
1681.000000 0.000000
1682.000000 0.000000
1683.000000 0.000000
1684.000000 0.000000
1685.000000 0.000000
1686.000000 0.000000
1687.000000 0.000000
1688.000000 0.000000
1689.000000 0.000000
1690.000000 0.000000
1691.000000 0.000000
1692.000000 0.000000
1693.000000 0.000000
1694.000000 0.000000
1695.000000 0.000000
1696.000000 0.000000
1697.000000 0.000000
1698.000000 0.000000
1699.000000 0.000000
1700.000000 0.000000
1701.000000 0.000000
1702.000000 0.000000
1703.000000 0.000000
1704.000000 0.000000
1705.000000 0.000000
1706.000000 0.000000
1707.000000 0.000000
1708.000000 0.000000
1709.000000 0.000000
1710.000000 0.000000
1711.000000 0.000000
1712.000000 0.000000
1713.000000 0.000000
1714.000000 0.000000
1715.000000 0.000000
1716.000000 0.000000
1717.000000 0.000000
1718.000000 0.000000
1719.000000 0.000000
1720.000000 0.000000
1721.000000 0.000000
1722.000000 0.000000
1723.000000 0.000000
1724.000000 0.000000
1725.000000 0.000000
1726.000000 0.000000
1727.000000 0.000000
1728.000000 0.000000
1729.000000 0.000000
1730.000000 0.000000
1731.000000 0.000000
1732.000000 0.000000
1733.000000 0.000000
1734.000000 0.000000
1735.000000 0.000000
1736.000000 0.000000
1737.000000 0.000000
1738.000000 0.000000
1739.000000 0.000000
1740.000000 0.000000
1741.000000 0.000000
1742.000000 0.000000
1743.000000 0.000000
1744.000000 0.000000
1745.000000 0.000000
1746.000000 0.000000
1747.000000 0.000000
1748.000000 0.000000
1749.000000 0.000000
1750.000000 0.000000
1751.000000 0.000000
1752.000000 0.000000
1753.000000 0.000000
1754.000000 0.000000
1755.000000 0.000000
1756.000000 0.000000
1757.000000 0.000000
1758.000000 0.000000
1759.000000 0.000000
1760.000000 0.000000
1761.000000 0.000000
1762.000000 0.000000
1763.000000 0.000000
1764.000000 0.000000
1765.000000 0.000000
1766.000000 0.000000
1767.000000 0.000000
1768.000000 0.000000
1769.000000 0.000000
1770.000000 0.000000
1771.000000 0.000000
1772.000000 0.000000
1773.000000 0.000000
1774.000000 0.000000
1775.000000 0.000000
1776.000000 0.000000
1777.000000 0.000000
1778.000000 0.000000
1779.000000 0.000000
1780.000000 0.000000
1781.000000 0.000000
1782.000000 0.000000
1783.000000 0.000000
1784.000000 0.000000
1785.000000 0.000000
1786.000000 0.000000
1787.000000 0.000000
1788.000000 0.000000
1789.000000 0.000000
1790.000000 0.000000
1791.000000 0.000000
1792.000000 0.000000
1793.000000 0.000000
1794.000000 0.000000
1795.000000 0.000000
1796.000000 0.000000
1797.000000 0.000000
1798.000000 0.000000
1799.000000 0.000000
1800.000000 0.000000
1801.000000 0.000000
1802.000000 0.000000
1803.000000 0.000000
1804.000000 0.000000
1805.000000 0.000000
1806.000000 0.000000
1807.000000 0.000000
1808.000000 0.000000
1809.000000 0.000000
1810.000000 0.000000
1811.000000 0.000000
1812.000000 0.000000
1813.000000 0.000000
1814.000000 0.000000
1815.000000 0.000000
1816.000000 0.000000
1817.000000 0.000000
1818.000000 0.000000
1819.000000 0.000000
1820.000000 0.000000
1821.000000 0.000000
1822.000000 0.000000
1823.000000 0.000000
1824.000000 0.000000
1825.000000 0.000000
1826.000000 0.000000
1827.000000 0.000000
1828.000000 0.000000
1829.000000 0.000000
1830.000000 0.000000
1831.000000 0.000000
1832.000000 0.000000
1833.000000 0.000000
1834.000000 0.000000
1835.000000 0.000000
1836.000000 0.000000
1837.000000 0.000000
1838.000000 0.000000
1839.000000 0.000000
1840.000000 0.000000
1841.000000 0.000000
1842.000000 0.000000
1843.000000 0.000000
1844.000000 0.000000
1845.000000 0.000000
1846.000000 0.000000
1847.000000 0.000000
1848.000000 0.000000
1849.000000 0.000000
1850.000000 0.000000
1851.000000 0.000000
1852.000000 0.000000
1853.000000 0.000000
1854.000000 0.000000
1855.000000 0.000000
1856.000000 0.000000
1857.000000 0.000000
1858.000000 0.000000
1859.000000 0.000000
1860.000000 0.000000
1861.000000 0.000000
1862.000000 0.000000
1863.000000 0.000000
1864.000000 0.000000
1865.000000 0.000000
1866.000000 0.000000
1867.000000 0.000000
1868.000000 0.000000
1869.000000 0.000000
1870.000000 0.000000
1871.000000 0.000000
1872.000000 0.000000
1873.000000 0.000000
1874.000000 0.000000
1875.000000 0.000000
1876.000000 0.000000
1877.000000 0.000000
1878.000000 0.000000
1879.000000 0.000000
1880.000000 0.000000
1881.000000 0.000000
1882.000000 0.000000
1883.000000 0.000000
1884.000000 0.000000
1885.000000 0.000000
1886.000000 0.000000
1887.000000 0.000000
1888.000000 0.000000
1889.000000 0.000000
1890.000000 0.000000
1891.000000 0.000000
1892.000000 0.000000
1893.000000 0.000000
1894.000000 0.000000
1895.000000 0.000000
1896.000000 0.000000
1897.000000 0.000000
1898.000000 0.000000
1899.000000 0.000000
1900.000000 0.000000
1901.000000 0.000000
1902.000000 0.000000
1903.000000 0.000000
1904.000000 0.000000
1905.000000 0.000000
1906.000000 0.000000
1907.000000 0.000000
1908.000000 0.000000
1909.000000 0.000000
1910.000000 0.000000
1911.000000 0.000000
1912.000000 0.000000
1913.000000 0.000000
1914.000000 0.000000
1915.000000 0.000000
1916.000000 0.000000
1917.000000 0.000000
1918.000000 0.000000
1919.000000 0.000000
1920.000000 0.000000
1921.000000 0.000000
1922.000000 0.000000
1923.000000 0.000000
1924.000000 0.000000
1925.000000 0.000000
1926.000000 0.000000
1927.000000 0.000000
1928.000000 0.000000
1929.000000 0.000000
1930.000000 0.000000
1931.000000 0.000000
1932.000000 0.000000
1933.000000 0.000000
1934.000000 0.000000
1935.000000 0.000000
1936.000000 0.000000
1937.000000 0.000000
1938.000000 0.000000
1939.000000 0.000000
1940.000000 0.000000
1941.000000 0.000000
1942.000000 0.000000
1943.000000 0.000000
1944.000000 0.000000
1945.000000 0.000000
1946.000000 0.000000
1947.000000 0.000000
1948.000000 0.000000
1949.000000 0.000000
1950.000000 0.000000
1951.000000 0.000000
1952.000000 0.000000
1953.000000 0.000000
1954.000000 0.000000
1955.000000 0.000000
1956.000000 0.000000
1957.000000 0.000000
1958.000000 0.000000
1959.000000 0.000000
1960.000000 0.000000
1961.000000 0.000000
1962.000000 0.000000
1963.000000 0.000000
1964.000000 0.000000
1965.000000 0.000000
1966.000000 0.000000
1967.000000 0.000000
1968.000000 0.000000
1969.000000 0.000000
1970.000000 0.000000
1971.000000 0.000000
1972.000000 0.000000
1973.000000 0.000000
1974.000000 0.000000
1975.000000 0.000000
1976.000000 0.000000
1977.000000 0.000000
1978.000000 0.000000
1979.000000 0.000000
1980.000000 0.000000
1981.000000 0.000000
1982.000000 0.000000
1983.000000 0.000000
1984.000000 0.000000
1985.000000 0.000000
1986.000000 0.000000
1987.000000 0.000000
1988.000000 0.000000
1989.000000 0.000000
1990.000000 0.000000
1991.000000 0.000000
1992.000000 0.000000
1993.000000 0.000000
1994.000000 0.000000
1995.000000 0.000000
1996.000000 0.000000
1997.000000 0.000000
1998.000000 0.000000
1999.000000 0.000000
2000.000000 0.000000
2001.000000 0.000000
2002.000000 0.000000
2003.000000 0.000000
2004.000000 0.000000
2005.000000 0.000000
2006.000000 0.000000
2007.000000 0.000000
2008.000000 0.000000
2009.000000 0.000000
2010.000000 0.000000
2011.000000 0.000000
2012.000000 0.000000
2013.000000 0.000000
2014.000000 0.000000
2015.000000 0.000000
2016.000000 0.000000
2017.000000 0.000000
2018.000000 0.000000
2019.000000 0.000000
2020.000000 0.000000
2021.000000 0.000000
2022.000000 0.000000
2023.000000 0.000000
2024.000000 0.000000
2025.000000 0.000000
2026.000000 0.000000
2027.000000 0.000000
2028.000000 0.000000
2029.000000 0.000000
2030.000000 0.000000
2031.000000 0.000000
2032.000000 0.000000
2033.000000 0.000000
2034.000000 0.000000
2035.000000 0.000000
2036.000000 0.000000
2037.000000 0.000000
2038.000000 0.000000
2039.000000 0.000000
2040.000000 0.000000
2041.000000 0.000000
2042.000000 0.000000
2043.000000 0.000000
2044.000000 0.000000
2045.000000 0.000000
2046.000000 0.000000
2047.000000 0.000000
2048.000000 0.000000
2049.000000 0.000000
2050.000000 0.000000
2051.000000 0.000000
2052.000000 0.000000
2053.000000 0.000000
2054.000000 0.000000
2055.000000 0.000000
2056.000000 0.000000
2057.000000 0.000000
2058.000000 0.000000
2059.000000 0.000000
2060.000000 0.000000
2061.000000 0.000000
2062.000000 0.000000
2063.000000 0.000000
2064.000000 0.000000
2065.000000 0.000000
2066.000000 0.000000
2067.000000 0.000000
2068.000000 0.000000
2069.000000 0.000000
2070.000000 0.000000
2071.000000 0.000000
2072.000000 0.000000
2073.000000 0.000000
2074.000000 0.000000
2075.000000 0.000000
2076.000000 0.000000
2077.000000 0.000000
2078.000000 0.000000
2079.000000 0.000000
2080.000000 0.000000
2081.000000 0.000000
2082.000000 0.000000
2083.000000 0.000000
2084.000000 0.000000
2085.000000 0.000000
2086.000000 0.000000
2087.000000 0.000000
2088.000000 0.000000
2089.000000 0.000000
2090.000000 0.000000
2091.000000 0.000000
2092.000000 0.000000
2093.000000 0.000000
2094.000000 0.000000
2095.000000 0.000000
2096.000000 0.000000
2097.000000 0.000000
2098.000000 0.000000
2099.000000 0.000000
2100.000000 0.000000
2101.000000 0.000000
2102.000000 0.000000
2103.000000 0.000000
2104.000000 0.000000
2105.000000 0.000000
2106.000000 0.000000
2107.000000 0.000000
2108.000000 0.000000
2109.000000 0.000000
2110.000000 0.000000
2111.000000 0.000000
2112.000000 0.000000
2113.000000 0.000000
2114.000000 0.000000
2115.000000 0.000000
2116.000000 0.000000
2117.000000 0.000000
2118.000000 0.000000
2119.000000 0.000000
2120.000000 0.000000
2121.000000 0.000000
2122.000000 0.000000
2123.000000 0.000000
2124.000000 0.000000
2125.000000 0.000000
2126.000000 0.000000
2127.000000 0.000000
2128.000000 0.000000
2129.000000 0.000000
2130.000000 0.000000
2131.000000 0.000000
2132.000000 0.000000
2133.000000 0.000000
2134.000000 0.000000
2135.000000 0.000000
2136.000000 0.000000
2137.000000 0.000000
2138.000000 0.000000
2139.000000 0.000000
2140.000000 0.000000
2141.000000 0.000000
2142.000000 0.000000
2143.000000 0.000000
2144.000000 0.000000
2145.000000 0.000000
2146.000000 0.000000
2147.000000 0.000000
2148.000000 0.000000
2149.000000 0.000000
2150.000000 0.000000
2151.000000 0.000000
2152.000000 0.000000
2153.000000 0.000000
2154.000000 0.000000
2155.000000 0.000000
2156.000000 0.000000
2157.000000 0.000000
2158.000000 0.000000
2159.000000 0.000000
2160.000000 0.000000
2161.000000 0.000000
2162.000000 0.000000
2163.000000 0.000000
2164.000000 0.000000
2165.000000 0.000000
2166.000000 0.000000
2167.000000 0.000000
2168.000000 0.000000
2169.000000 0.000000
2170.000000 0.000000
2171.000000 0.000000
2172.000000 0.000000
2173.000000 0.000000
2174.000000 0.000000
2175.000000 0.000000
2176.000000 0.000000
2177.000000 0.000000
2178.000000 0.000000
2179.000000 0.000000
2180.000000 0.000000
2181.000000 0.000000
2182.000000 0.000000
2183.000000 0.000000
2184.000000 0.000000
2185.000000 0.000000
2186.000000 0.000000
2187.000000 0.000000
2188.000000 0.000000
2189.000000 0.000000
2190.000000 0.000000
2191.000000 0.000000
2192.000000 0.000000
2193.000000 0.000000
2194.000000 0.000000
2195.000000 0.000000
2196.000000 0.000000
2197.000000 0.000000
2198.000000 0.000000
2199.000000 0.000000
2200.000000 0.000000
2201.000000 0.000000
2202.000000 0.000000
2203.000000 0.000000
2204.000000 0.000000
2205.000000 0.000000
2206.000000 0.000000
2207.000000 0.000000
2208.000000 0.000000
2209.000000 0.000000
2210.000000 0.000000
2211.000000 0.000000
2212.000000 0.000000
2213.000000 0.000000
2214.000000 0.000000
2215.000000 0.000000
2216.000000 0.000000
2217.000000 0.000000
2218.000000 0.000000
2219.000000 0.000000
2220.000000 0.000000
2221.000000 0.000000
2222.000000 0.000000
2223.000000 0.000000
2224.000000 0.000000
2225.000000 0.000000
2226.000000 0.000000
2227.000000 0.000000
2228.000000 0.000000
2229.000000 0.000000
2230.000000 0.000000
2231.000000 0.000000
2232.000000 0.000000
2233.000000 0.000000
2234.000000 0.000000
2235.000000 0.000000
2236.000000 0.000000
2237.000000 0.000000
2238.000000 0.000000
2239.000000 0.000000
2240.000000 0.000000
2241.000000 0.000000
2242.000000 0.000000
2243.000000 0.000000
2244.000000 0.000000
2245.000000 0.000000
2246.000000 0.000000
2247.000000 0.000000
2248.000000 0.000000
2249.000000 0.000000
2250.000000 0.000000
2251.000000 0.000000
2252.000000 0.000000
2253.000000 0.000000
2254.000000 0.000000
2255.000000 0.000000
2256.000000 0.000000
2257.000000 0.000000
2258.000000 0.000000
2259.000000 0.000000
2260.000000 0.000000
2261.000000 0.000000
2262.000000 0.000000
2263.000000 0.000000
2264.000000 0.000000
2265.000000 0.000000
2266.000000 0.000000
2267.000000 0.000000
2268.000000 0.000000
2269.000000 0.000000
2270.000000 0.000000
2271.000000 0.000000
2272.000000 0.000000
2273.000000 0.000000
2274.000000 0.000000
2275.000000 0.000000
2276.000000 0.000000
2277.000000 0.000000
2278.000000 0.000000
2279.000000 0.000000
2280.000000 0.000000
2281.000000 0.000000
2282.000000 0.000000
2283.000000 0.000000
2284.000000 0.000000
2285.000000 0.000000
2286.000000 0.000000
2287.000000 0.000000
2288.000000 0.000000
2289.000000 0.000000
2290.000000 0.000000
2291.000000 0.000000
2292.000000 0.000000
2293.000000 0.000000
2294.000000 0.000000
2295.000000 0.000000
2296.000000 0.000000
2297.000000 0.000000
2298.000000 0.000000
2299.000000 0.000000
2300.000000 0.000000
2301.000000 0.000000
2302.000000 0.000000
2303.000000 0.000000
2304.000000 0.000000
2305.000000 0.000000
2306.000000 0.000000
2307.000000 0.000000
2308.000000 0.000000
2309.000000 0.000000
2310.000000 0.000000
2311.000000 0.000000
2312.000000 0.000000
2313.000000 0.000000
2314.000000 0.000000
2315.000000 0.000000
2316.000000 0.000000
2317.000000 0.000000
2318.000000 0.000000
2319.000000 0.000000
2320.000000 0.000000
2321.000000 0.000000
2322.000000 0.000000
2323.000000 0.000000
2324.000000 0.000000
2325.000000 0.000000
2326.000000 0.000000
2327.000000 0.000000
2328.000000 0.000000
2329.000000 0.000000
2330.000000 0.000000
2331.000000 0.000000
2332.000000 0.000000
2333.000000 0.000000
2334.000000 0.000000
2335.000000 0.000000
2336.000000 0.000000
2337.000000 0.000000
2338.000000 0.000000
2339.000000 0.000000
2340.000000 0.000000
2341.000000 0.000000
2342.000000 0.000000
2343.000000 0.000000
2344.000000 0.000000
2345.000000 0.000000
2346.000000 0.000000
2347.000000 0.000000
2348.000000 0.000000
2349.000000 0.000000
2350.000000 0.000000
2351.000000 0.000000
2352.000000 0.000000
2353.000000 0.000000
2354.000000 0.000000
2355.000000 0.000000
2356.000000 0.000000
2357.000000 0.000000
2358.000000 0.000000
2359.000000 0.000000
2360.000000 0.000000
2361.000000 0.000000
2362.000000 0.000000
2363.000000 0.000000
2364.000000 0.000000
2365.000000 0.000000
2366.000000 0.000000
2367.000000 0.000000
2368.000000 0.000000
2369.000000 0.000000
2370.000000 0.000000
2371.000000 0.000000
2372.000000 0.000000
2373.000000 0.000000
2374.000000 0.000000
2375.000000 0.000000
2376.000000 0.000000
2377.000000 0.000000
2378.000000 0.000000
2379.000000 0.000000
2380.000000 0.000000
2381.000000 0.000000
2382.000000 0.000000
2383.000000 0.000000
2384.000000 0.000000
2385.000000 0.000000
2386.000000 0.000000
2387.000000 0.000000
2388.000000 0.000000
2389.000000 0.000000
2390.000000 0.000000
2391.000000 0.000000
2392.000000 0.000000
2393.000000 0.000000
2394.000000 0.000000
2395.000000 0.000000
2396.000000 0.000000
2397.000000 0.000000
2398.000000 0.000000
2399.000000 0.000000
2400.000000 0.000000
2401.000000 0.000000
2402.000000 0.000000
2403.000000 0.000000
2404.000000 0.000000
2405.000000 0.000000
2406.000000 0.000000
2407.000000 0.000000
2408.000000 0.000000
2409.000000 0.000000
2410.000000 0.000000
2411.000000 0.000000
2412.000000 0.000000
2413.000000 0.000000
2414.000000 0.000000
2415.000000 0.000000
2416.000000 0.000000
2417.000000 0.000000
2418.000000 0.000000
2419.000000 0.000000
2420.000000 0.000000
2421.000000 0.000000
2422.000000 0.000000
2423.000000 0.000000
2424.000000 0.000000
2425.000000 0.000000
2426.000000 0.000000
2427.000000 0.000000
2428.000000 0.000000
2429.000000 0.000000
2430.000000 0.000000
2431.000000 0.000000
2432.000000 0.000000
2433.000000 0.000000
2434.000000 0.000000
2435.000000 0.000000
2436.000000 0.000000
2437.000000 0.000000
2438.000000 0.000000
2439.000000 0.000000
2440.000000 0.000000
2441.000000 0.000000
2442.000000 0.000000
2443.000000 0.000000
2444.000000 0.000000
2445.000000 0.000000
2446.000000 0.000000
2447.000000 0.000000
2448.000000 0.000000
2449.000000 0.000000
2450.000000 0.000000
2451.000000 0.000000
2452.000000 0.000000
2453.000000 0.000000
2454.000000 0.000000
2455.000000 0.000000
2456.000000 0.000000
2457.000000 0.000000
2458.000000 0.000000
2459.000000 0.000000
2460.000000 0.000000
2461.000000 0.000000
2462.000000 0.000000
2463.000000 0.000000
2464.000000 0.000000
2465.000000 0.000000
2466.000000 0.000000
2467.000000 0.000000
2468.000000 0.000000
2469.000000 0.000000
2470.000000 0.000000
2471.000000 0.000000
2472.000000 0.000000
2473.000000 0.000000
2474.000000 0.000000
2475.000000 0.000000
2476.000000 0.000000
2477.000000 0.000000
2478.000000 0.000000
2479.000000 0.000000
2480.000000 0.000000
2481.000000 0.000000
2482.000000 0.000000
2483.000000 0.000000
2484.000000 0.000000
2485.000000 0.000000
2486.000000 0.000000
2487.000000 0.000000
2488.000000 0.000000
2489.000000 0.000000
2490.000000 0.000000
2491.000000 0.000000
2492.000000 0.000000
2493.000000 0.000000
2494.000000 0.000000
2495.000000 0.000000
2496.000000 0.000000
2497.000000 0.000000
2498.000000 0.000000
2499.000000 0.000000
2500.000000 0.000000
2501.000000 0.000000
2502.000000 0.000000
2503.000000 0.000000
2504.000000 0.000000
2505.000000 0.000000
2506.000000 0.000000
2507.000000 0.000000
2508.000000 0.000000
2509.000000 0.000000
2510.000000 0.000000
2511.000000 0.000000
2512.000000 0.000000
2513.000000 0.000000
2514.000000 0.000000
2515.000000 0.000000
2516.000000 0.000000
2517.000000 0.000000
2518.000000 0.000000
2519.000000 0.000000
2520.000000 0.000000
2521.000000 0.000000
2522.000000 0.000000
2523.000000 0.000000
2524.000000 0.000000
2525.000000 0.000000
2526.000000 0.000000
2527.000000 0.000000
2528.000000 0.000000
2529.000000 0.000000
2530.000000 0.000000
2531.000000 0.000000
2532.000000 0.000000
2533.000000 0.000000
2534.000000 0.000000
2535.000000 0.000000
2536.000000 0.000000
2537.000000 0.000000
2538.000000 0.000000
2539.000000 0.000000
2540.000000 0.000000
2541.000000 0.000000
2542.000000 0.000000
2543.000000 0.000000
2544.000000 0.000000
2545.000000 0.000000
2546.000000 0.000000
2547.000000 0.000000
2548.000000 0.000000
2549.000000 0.000000
2550.000000 0.000000
2551.000000 0.000000
2552.000000 0.000000
2553.000000 0.000000
2554.000000 0.000000
2555.000000 0.000000
2556.000000 0.000000
2557.000000 0.000000
2558.000000 0.000000
2559.000000 0.000000
2560.000000 0.000000
2561.000000 0.000000
2562.000000 0.000000
2563.000000 0.000000
2564.000000 0.000000
2565.000000 0.000000
2566.000000 0.000000
2567.000000 0.000000
2568.000000 0.000000
2569.000000 0.000000
2570.000000 0.000000
2571.000000 0.000000
2572.000000 0.000000
2573.000000 0.000000
2574.000000 0.000000
2575.000000 0.000000
2576.000000 0.000000
2577.000000 0.000000
2578.000000 0.000000
2579.000000 0.000000
2580.000000 0.000000
2581.000000 0.000000
2582.000000 0.000000
2583.000000 0.000000
2584.000000 0.000000
2585.000000 0.000000
2586.000000 0.000000
2587.000000 0.000000
2588.000000 0.000000
2589.000000 0.000000
2590.000000 0.000000
2591.000000 0.000000
2592.000000 0.000000
2593.000000 0.000000
2594.000000 0.000000
2595.000000 0.000000
2596.000000 0.000000
2597.000000 0.000000
2598.000000 0.000000
2599.000000 0.000000
2600.000000 0.000000
2601.000000 0.000000
2602.000000 0.000000
2603.000000 0.000000
2604.000000 0.000000
2605.000000 0.000000
2606.000000 0.000000
2607.000000 0.000000
2608.000000 0.000000
2609.000000 0.000000
2610.000000 0.000000
2611.000000 0.000000
2612.000000 0.000000
2613.000000 0.000000
2614.000000 0.000000
2615.000000 0.000000
2616.000000 0.000000
2617.000000 0.000000
2618.000000 0.000000
2619.000000 0.000000
2620.000000 0.000000
2621.000000 0.000000
2622.000000 0.000000
2623.000000 0.000000
2624.000000 0.000000
2625.000000 0.000000
2626.000000 0.000000
2627.000000 0.000000
2628.000000 0.000000
2629.000000 0.000000
2630.000000 0.000000
2631.000000 0.000000
2632.000000 0.000000
2633.000000 0.000000
2634.000000 0.000000
2635.000000 0.000000
2636.000000 0.000000
2637.000000 0.000000
2638.000000 0.000000
2639.000000 0.000000
2640.000000 0.000000
2641.000000 0.000000
2642.000000 0.000000
2643.000000 0.000000
2644.000000 0.000000
2645.000000 0.000000
2646.000000 0.000000
2647.000000 0.000000
2648.000000 0.000000
2649.000000 0.000000
2650.000000 0.000000
2651.000000 0.000000
2652.000000 0.000000
2653.000000 0.000000
2654.000000 0.000000
2655.000000 0.000000
2656.000000 0.000000
2657.000000 0.000000
2658.000000 0.000000
2659.000000 0.000000
2660.000000 0.000000
2661.000000 0.000000
2662.000000 0.000000
2663.000000 0.000000
2664.000000 0.000000
2665.000000 0.000000
2666.000000 0.000000
2667.000000 0.000000
2668.000000 0.000000
2669.000000 0.000000
2670.000000 0.000000
2671.000000 0.000000
2672.000000 0.000000
2673.000000 0.000000
2674.000000 0.000000
2675.000000 0.000000
2676.000000 0.000000
2677.000000 0.000000
2678.000000 0.000000
2679.000000 0.000000
2680.000000 0.000000
2681.000000 0.000000
2682.000000 0.000000
2683.000000 0.000000
2684.000000 0.000000
2685.000000 0.000000
2686.000000 0.000000
2687.000000 0.000000
2688.000000 0.000000
2689.000000 0.000000
2690.000000 0.000000
2691.000000 0.000000
2692.000000 0.000000
2693.000000 0.000000
2694.000000 0.000000
2695.000000 0.000000
2696.000000 0.000000
2697.000000 0.000000
2698.000000 0.000000
2699.000000 0.000000
2700.000000 0.000000
2701.000000 0.000000
2702.000000 0.000000
2703.000000 0.000000
2704.000000 0.000000
2705.000000 0.000000
2706.000000 0.000000
2707.000000 0.000000
2708.000000 0.000000
2709.000000 0.000000
2710.000000 0.000000
2711.000000 0.000000
2712.000000 0.000000
2713.000000 0.000000
2714.000000 0.000000
2715.000000 0.000000
2716.000000 0.000000
2717.000000 0.000000
2718.000000 0.000000
2719.000000 0.000000
2720.000000 0.000000
2721.000000 0.000000
2722.000000 0.000000
2723.000000 0.000000
2724.000000 0.000000
2725.000000 0.000000
2726.000000 0.000000
2727.000000 0.000000
2728.000000 0.000000
2729.000000 0.000000
2730.000000 0.000000
2731.000000 0.000000
2732.000000 0.000000
2733.000000 0.000000
2734.000000 0.000000
2735.000000 0.000000
2736.000000 0.000000
2737.000000 0.000000
2738.000000 0.000000
2739.000000 0.000000
2740.000000 0.000000
2741.000000 0.000000
2742.000000 0.000000
2743.000000 0.000000
2744.000000 0.000000
2745.000000 0.000000
2746.000000 0.000000
2747.000000 0.000000
2748.000000 0.000000
2749.000000 0.000000
2750.000000 0.000000
2751.000000 0.000000
2752.000000 0.000000
2753.000000 0.000000
2754.000000 0.000000
2755.000000 0.000000
2756.000000 0.000000
2757.000000 0.000000
2758.000000 0.000000
2759.000000 0.000000
2760.000000 0.000000
2761.000000 0.000000
2762.000000 0.000000
2763.000000 0.000000
2764.000000 0.000000
2765.000000 0.000000
2766.000000 0.000000
2767.000000 0.000000
2768.000000 0.000000
2769.000000 0.000000
2770.000000 0.000000
2771.000000 0.000000
2772.000000 0.000000
2773.000000 0.000000
2774.000000 0.000000
2775.000000 0.000000
2776.000000 0.000000
2777.000000 0.000000
2778.000000 0.000000
2779.000000 0.000000
2780.000000 0.000000
2781.000000 0.000000
2782.000000 0.000000
2783.000000 0.000000
2784.000000 0.000000
2785.000000 0.000000
2786.000000 0.000000
2787.000000 0.000000
2788.000000 0.000000
2789.000000 0.000000
2790.000000 0.000000
2791.000000 0.000000
2792.000000 0.000000
2793.000000 0.000000
2794.000000 0.000000
2795.000000 0.000000
2796.000000 0.000000
2797.000000 0.000000
2798.000000 0.000000
2799.000000 0.000000
2800.000000 0.000000
2801.000000 0.000000
2802.000000 0.000000
2803.000000 0.000000
2804.000000 0.000000
2805.000000 0.000000
2806.000000 0.000000
2807.000000 0.000000
2808.000000 0.000000
2809.000000 0.000000
2810.000000 0.000000
2811.000000 0.000000
2812.000000 0.000000
2813.000000 0.000000
2814.000000 0.000000
2815.000000 0.000000
2816.000000 0.000000
2817.000000 0.000000
2818.000000 0.000000
2819.000000 0.000000
2820.000000 0.000000
2821.000000 0.000000
2822.000000 0.000000
2823.000000 0.000000
2824.000000 0.000000
2825.000000 0.000000
2826.000000 0.000000
2827.000000 0.000000
2828.000000 0.000000
2829.000000 0.000000
2830.000000 0.000000
2831.000000 0.000000
2832.000000 0.000000
2833.000000 0.000000
2834.000000 0.000000
2835.000000 0.000000
2836.000000 0.000000
2837.000000 0.000000
2838.000000 0.000000
2839.000000 0.000000
2840.000000 0.000000
2841.000000 0.000000
2842.000000 0.000000
2843.000000 0.000000
2844.000000 0.000000
2845.000000 0.000000
2846.000000 0.000000
2847.000000 0.000000
2848.000000 0.000000
2849.000000 0.000000
2850.000000 0.000000
2851.000000 0.000000
2852.000000 0.000000
2853.000000 0.000000
2854.000000 0.000000
2855.000000 0.000000
2856.000000 0.000000
2857.000000 0.000000
2858.000000 0.000000
2859.000000 0.000000
2860.000000 0.000000
2861.000000 0.000000
2862.000000 0.000000
2863.000000 0.000000
2864.000000 0.000000
2865.000000 0.000000
2866.000000 0.000000
2867.000000 0.000000
2868.000000 0.000000
2869.000000 0.000000
2870.000000 0.000000
2871.000000 0.000000
2872.000000 0.000000
2873.000000 0.000000
2874.000000 0.000000
2875.000000 0.000000
2876.000000 0.000000
2877.000000 0.000000
2878.000000 0.000000
2879.000000 0.000000
2880.000000 0.000000
2881.000000 0.000000
2882.000000 0.000000
2883.000000 0.000000
2884.000000 0.000000
2885.000000 0.000000
2886.000000 0.000000
2887.000000 0.000000
2888.000000 0.000000
2889.000000 0.000000
2890.000000 0.000000
2891.000000 0.000000
2892.000000 0.000000
2893.000000 0.000000
2894.000000 0.000000
2895.000000 0.000000
2896.000000 0.000000
2897.000000 0.000000
2898.000000 0.000000
2899.000000 0.000000
2900.000000 0.000000
2901.000000 0.000000
2902.000000 0.000000
2903.000000 0.000000
2904.000000 0.000000
2905.000000 0.000000
2906.000000 0.000000
2907.000000 0.000000
2908.000000 0.000000
2909.000000 0.000000
2910.000000 0.000000
2911.000000 0.000000
2912.000000 0.000000
2913.000000 0.000000
2914.000000 0.000000
2915.000000 0.000000
2916.000000 0.000000
2917.000000 0.000000
2918.000000 0.000000
2919.000000 0.000000
2920.000000 0.000000
2921.000000 0.000000
2922.000000 0.000000
2923.000000 0.000000
2924.000000 0.000000
2925.000000 0.000000
2926.000000 0.000000
2927.000000 0.000000
2928.000000 0.000000
2929.000000 0.000000
2930.000000 0.000000
2931.000000 0.000000
2932.000000 0.000000
2933.000000 0.000000
2934.000000 0.000000
2935.000000 0.000000
2936.000000 0.000000
2937.000000 0.000000
2938.000000 0.000000
2939.000000 0.000000
2940.000000 0.000000
2941.000000 0.000000
2942.000000 0.000000
2943.000000 0.000000
2944.000000 0.000000
2945.000000 0.000000
2946.000000 0.000000
2947.000000 0.000000
2948.000000 0.000000
2949.000000 0.000000
2950.000000 0.000000
2951.000000 0.000000
2952.000000 0.000000
2953.000000 0.000000
2954.000000 0.000000
2955.000000 0.000000
2956.000000 0.000000
2957.000000 0.000000
2958.000000 0.000000
2959.000000 0.000000
2960.000000 0.000000
2961.000000 0.000000
2962.000000 0.000000
2963.000000 0.000000
2964.000000 0.000000
2965.000000 0.000000
2966.000000 0.000000
2967.000000 0.000000
2968.000000 0.000000
2969.000000 0.000000
2970.000000 0.000000
2971.000000 0.000000
2972.000000 0.000000
2973.000000 0.000000
2974.000000 0.000000
2975.000000 0.000000
2976.000000 0.000000
2977.000000 0.000000
2978.000000 0.000000
2979.000000 0.000000
2980.000000 0.000000
2981.000000 0.000000
2982.000000 0.000000
2983.000000 0.000000
2984.000000 0.000000
2985.000000 0.000000
2986.000000 0.000000
2987.000000 0.000000
2988.000000 0.000000
2989.000000 0.000000
2990.000000 0.000000
2991.000000 0.000000
2992.000000 0.000000
2993.000000 0.000000
2994.000000 0.000000
2995.000000 0.000000
2996.000000 0.000000
2997.000000 0.000000
2998.000000 0.000000
2999.000000 0.000000
