0.000000 25.000000
1.000000 28.712757
2.000000 31.608086
3.000000 33.724104
4.000000 35.332816
5.000000 36.532900
6.000000 37.404636
7.000000 38.013317
8.000000 38.412028
9.000000 38.652656
10.000000 38.781500
11.000000 38.837088
12.000000 38.849970
13.000000 38.843273
14.000000 38.695395
15.000000 38.586234
16.000000 38.516825
17.000000 38.367438
18.000000 38.279838
19.000000 38.126732
20.000000 38.044336
21.000000 37.901430
22.000000 37.693004
23.000000 37.572892
24.000000 37.404365
25.000000 37.198270
26.000000 36.963175
27.000000 36.824192
28.000000 36.622283
29.000000 36.390629
30.000000 36.135466
31.000000 35.861842
32.000000 35.692220
33.000000 35.465312
34.000000 35.212478
35.000000 35.057369
36.000000 34.859508
37.000000 34.627093
38.000000 34.346893
39.000000 34.166653
40.000000 33.945294
41.000000 33.690631
42.000000 33.527432
43.000000 33.316395
44.000000 33.047085
45.000000 32.869600
46.000000 32.644476
47.000000 32.499486
48.000000 32.297590
49.000000 32.168323
50.000000 31.976242
51.000000 31.714022
52.000000 31.534210
53.000000 31.299607
54.000000 31.139665
55.000000 31.037372
56.000000 30.860495
57.000000 30.742714
58.000000 30.551747
59.000000 30.420871
60.000000 30.336062
61.000000 30.285929
62.000000 30.261424
63.000000 30.255506
64.000000 30.262525
65.000000 30.278100
66.000000 30.298674
67.000000 30.183278
68.000000 30.098622
69.000000 30.037549
70.000000 29.994508
71.000000 29.965231
72.000000 29.946460
73.000000 29.817234
74.000000 29.838760
75.000000 29.859726
76.000000 29.879582
77.000000 29.897893
78.000000 29.914362
79.000000 29.928831
80.000000 29.941257
81.000000 29.832923
82.000000 29.748451
83.000000 29.683043
84.000000 29.632910
85.000000 29.595049
86.000000 29.567069
87.000000 29.665551
88.000000 29.744376
89.000000 29.807021
90.000000 29.856182
91.000000 29.894008
92.000000 29.922259
93.000000 29.942410
94.000000 29.955716
95.000000 29.963542
96.000000 29.967195
97.000000 29.967834
98.000000 29.966433
99.000000 29.963780
100.000000 29.960478
101.000000 29.956974
102.000000 30.091817
103.000000 30.196527
104.000000 30.277046
105.000000 30.338162
106.000000 30.383735
107.000000 30.416871
108.000000 30.440074
109.000000 30.455362
110.000000 30.464688
111.000000 30.469785
112.000000 30.472099
113.000000 30.472782
114.000000 30.472706
115.000000 30.472500
116.000000 30.472592
117.000000 30.473241
118.000000 30.474584
119.000000 30.476661
120.000000 30.479451
121.000000 30.482889
122.000000 30.348648
123.000000 30.245308
124.000000 30.166943
125.000000 30.108720
126.000000 30.066699
127.000000 30.037676
128.000000 30.019043
129.000000 30.008681
130.000000 30.004548
131.000000 30.004833
132.000000 30.008024
133.000000 30.012917
134.000000 30.018602
135.000000 30.024422
136.000000 30.029930
137.000000 30.034855
138.000000 30.039055
139.000000 30.042486
140.000000 30.045173
141.000000 30.047183
142.000000 30.048606
143.000000 30.049542
144.000000 30.050092
145.000000 30.050349
146.000000 30.050393
147.000000 30.050294
148.000000 30.050107
149.000000 30.049874
150.000000 30.049626
151.000000 30.049387
152.000000 30.049169
153.000000 30.048980
154.000000 30.048823
155.000000 30.048698
156.000000 30.048604
157.000000 30.048535
158.000000 30.048489
159.000000 30.048460
160.000000 30.186686
161.000000 30.294487
162.000000 30.377689
163.000000 30.441035
164.000000 30.488384
165.000000 30.522874
166.000000 30.547059
167.000000 30.563014
168.000000 30.572754
169.000000 30.578067
170.000000 30.580454
171.000000 30.581107
172.000000 30.580937
173.000000 30.580601
174.000000 30.442305
175.000000 30.335004
176.000000 30.253011
177.000000 30.191629
178.000000 30.146978
179.000000 30.115855
180.000000 30.095617
181.000000 30.084089
182.000000 30.079160
183.000000 30.078949
184.000000 30.081875
185.000000 30.086678
186.000000 30.092392
187.000000 30.098318
188.000000 30.103978
189.000000 30.109072
190.000000 30.113443
191.000000 30.117034
192.000000 30.119862
193.000000 30.121991
194.000000 30.123511
195.000000 30.124522
196.000000 30.125128
197.000000 30.125423
198.000000 30.125493
199.000000 30.125408
200.000000 30.125227
201.000000 30.124994
202.000000 30.124743
203.000000 30.124497
204.000000 30.124272
205.000000 30.124076
206.000000 30.123912
207.000000 30.123781
208.000000 30.261922
209.000000 30.231413
210.000000 30.344999
211.000000 30.294672
212.000000 30.392291
213.000000 30.467370
214.000000 30.524266
215.000000 30.566524
216.000000 30.597352
217.000000 30.619189
218.000000 30.634233
219.000000 30.644033
220.000000 30.511784
221.000000 30.407397
222.000000 30.326043
223.000000 30.263751
224.000000 30.217228
225.000000 30.183722
226.000000 30.160928
227.000000 30.146905
228.000000 30.139692
229.000000 30.137493
230.000000 30.138765
231.000000 30.142247
232.000000 30.146953
233.000000 30.152146
234.000000 30.157306
235.000000 30.162089
236.000000 30.166295
237.000000 30.169830
238.000000 30.172677
239.000000 30.174873
240.000000 30.176488
241.000000 30.177607
242.000000 30.178320
243.000000 30.178716
244.000000 30.178874
245.000000 30.178865
246.000000 30.178744
247.000000 30.060066
248.000000 29.967446
249.000000 29.895911
250.000000 29.841411
251.000000 29.800647
252.000000 29.770933
253.000000 29.750081
254.000000 29.736311
255.000000 29.727893
256.000000 29.723291
257.000000 29.721215
258.000000 29.720637
259.000000 29.720776
260.000000 29.721064
261.000000 29.721116
262.000000 29.720692
263.000000 29.719667
264.000000 29.717999
265.000000 29.715703
266.000000 29.712834
267.000000 29.709467
268.000000 29.705686
269.000000 29.701574
270.000000 29.697210
271.000000 29.692663
272.000000 29.687992
273.000000 29.683244
274.000000 29.678454
275.000000 29.673652
276.000000 29.668854
277.000000 29.664073
278.000000 29.659317
279.000000 29.654588
280.000000 29.649885
281.000000 29.645208
282.000000 29.640553
283.000000 29.635917
284.000000 29.631297
285.000000 29.508195
286.000000 29.411191
287.000000 29.335283
288.000000 29.276401
289.000000 29.231237
290.000000 29.197096
291.000000 29.171787
292.000000 29.153532
293.000000 29.140602
294.000000 29.131464
295.000000 29.124833
296.000000 29.119685
297.000000 29.115240
298.000000 29.110936
299.000000 29.106390
300.000000 26.601923
301.000000 24.574974
302.000000 22.936056
303.000000 21.612409
304.000000 20.556526
305.000000 19.728003
306.000000 19.092408
307.000000 18.620348
308.000000 18.280801
309.000000 18.044491
310.000000 17.885590
311.000000 17.782374
312.000000 17.717292
313.000000 17.558190
314.000000 17.439434
315.000000 17.348735
316.000000 17.277125
317.000000 17.218270
318.000000 17.167865
319.000000 17.123119
320.000000 17.200819
321.000000 17.255155
322.000000 17.290301
323.000000 17.309823
324.000000 17.316767
325.000000 17.313715
326.000000 17.302845
327.000000 17.285977
328.000000 17.264889
329.000000 17.241168
330.000000 17.216134
331.000000 17.190822
332.000000 17.166001
333.000000 17.142201
334.000000 17.119752
335.000000 17.098826
336.000000 17.197959
337.000000 17.272531
338.000000 17.327434
339.000000 17.366598
340.000000 17.393172
341.000000 17.409687
342.000000 17.418176
343.000000 17.538770
344.000000 17.628485
345.000000 17.693744
346.000000 17.739807
347.000000 17.770932
348.000000 17.790527
349.000000 17.801298
350.000000 17.943613
351.000000 17.912488
352.000000 18.022312
353.000000 18.104629
354.000000 18.027143
355.000000 18.101513
356.000000 18.156986
357.000000 18.197608
358.000000 18.226904
359.000000 18.247490
360.000000 18.261644
361.000000 18.271253
362.000000 18.277490
363.000000 18.281410
364.000000 18.283888
365.000000 18.285615
366.000000 18.287098
367.000000 18.288693
368.000000 18.409118
369.000000 18.385429
370.000000 18.367257
371.000000 18.353671
372.000000 18.343879
373.000000 18.337207
374.000000 18.333090
375.000000 18.449543
376.000000 18.541869
377.000000 18.614817
378.000000 18.672158
379.000000 18.716901
380.000000 18.751463
381.000000 18.777797
382.000000 18.797488
383.000000 18.812107
384.000000 18.823072
385.000000 18.831585
386.000000 18.838613
387.000000 18.844903
388.000000 18.851003
389.000000 18.857294
390.000000 18.864018
391.000000 18.871313
392.000000 18.879233
393.000000 18.887779
394.000000 18.896914
395.000000 18.906576
396.000000 18.916698
397.000000 19.045700
398.000000 19.030442
399.000000 19.138936
400.000000 19.225619
401.000000 19.294692
402.000000 19.231081
403.000000 19.300645
404.000000 19.356073
405.000000 19.400423
406.000000 19.436040
407.000000 19.465018
408.000000 19.489136
409.000000 19.509849
410.000000 19.528027
411.000000 19.425976
412.000000 19.348950
413.000000 19.292491
414.000000 19.252937
415.000000 19.227269
416.000000 19.212985
417.000000 19.208011
418.000000 19.210622
419.000000 19.219106
420.000000 19.231914
421.000000 19.247730
422.000000 19.265488
423.000000 19.284365
424.000000 19.303755
425.000000 19.204745
426.000000 19.131645
427.000000 19.197801
428.000000 19.254503
429.000000 19.303447
430.000000 19.346052
431.000000 19.383510
432.000000 19.416817
433.000000 19.446523
434.000000 19.472957
435.000000 19.496636
436.000000 19.518135
437.000000 19.538014
438.000000 19.556780
439.000000 19.574862
440.000000 19.592615
441.000000 19.610316
442.000000 19.746670
443.000000 19.857247
444.000000 19.947149
445.000000 20.020505
446.000000 20.080658
447.000000 20.130312
448.000000 20.171655
449.000000 20.206454
450.000000 20.236420
451.000000 20.263069
452.000000 20.287670
453.000000 20.311230
454.000000 20.334519
455.000000 20.358090
456.000000 20.382322
457.000000 20.407450
458.000000 20.433598
459.000000 20.342318
460.000000 20.278178
461.000000 20.236132
462.000000 20.212046
463.000000 20.202534
464.000000 20.204830
465.000000 20.216675
466.000000 20.236229
467.000000 20.143225
468.000000 20.080673
469.000000 20.042261
470.000000 20.022881
471.000000 20.018437
472.000000 20.025669
473.000000 19.903767
474.000000 19.819396
475.000000 19.764884
476.000000 19.615430
477.000000 19.510497
478.000000 19.440988
479.000000 19.399590
480.000000 19.380448
481.000000 19.260073
482.000000 19.178916
483.000000 19.128649
484.000000 19.102304
485.000000 19.094192
486.000000 19.099763
487.000000 19.115445
488.000000 19.138485
489.000000 19.166510
490.000000 19.197593
491.000000 19.230235
492.000000 19.263319
493.000000 19.296056
494.000000 19.327930
495.000000 19.358660
496.000000 19.269644
497.000000 19.205473
498.000000 19.161242
499.000000 19.143132
500.000000 19.125542
501.000000 19.108724
502.000000 19.092800
503.000000 19.077890
504.000000 19.063822
505.000000 19.050322
506.000000 19.037124
507.000000 19.024043
508.000000 19.010953
509.000000 18.997776
510.000000 18.984465
511.000000 18.970998
512.000000 18.957374
513.000000 18.943599
514.000000 19.048182
515.000000 19.126564
516.000000 19.183765
517.000000 19.223871
518.000000 19.368703
519.000000 19.476388
520.000000 19.554127
521.000000 19.607776
522.000000 19.642379
523.000000 19.662170
524.000000 19.670627
525.000000 19.670556
526.000000 19.664465
527.000000 19.654456
528.000000 19.760686
529.000000 19.839837
530.000000 19.779318
531.000000 19.728382
532.000000 19.685707
533.000000 19.650099
534.000000 19.620486
535.000000 19.595914
536.000000 19.575816
537.000000 19.559814
538.000000 19.547324
539.000000 19.537692
540.000000 19.530283
541.000000 19.524520
542.000000 19.401422
543.000000 19.305163
544.000000 19.230428
545.000000 19.172912
546.000000 19.129134
547.000000 19.096290
548.000000 19.072119
549.000000 18.936317
550.000000 18.831728
551.000000 18.751830
552.000000 18.691293
553.000000 18.645811
554.000000 18.473700
555.000000 18.340912
556.000000 18.239474
557.000000 18.162703
558.000000 18.105095
559.000000 17.943709
560.000000 17.819573
561.000000 17.843388
562.000000 17.864007
563.000000 17.881032
564.000000 17.894187
565.000000 18.041589
566.000000 18.154592
567.000000 18.238905
568.000000 18.299176
569.000000 18.339540
570.000000 18.482107
571.000000 18.585409
572.000000 18.657091
573.000000 18.703768
574.000000 18.731015
575.000000 18.861917
576.000000 18.955605
577.000000 19.020021
578.000000 19.061806
579.000000 19.086384
580.000000 19.098095
581.000000 19.100349
582.000000 19.095778
583.000000 19.086655
584.000000 19.074826
585.000000 19.061705
586.000000 19.048320
587.000000 19.035367
588.000000 19.023276
589.000000 19.012272
590.000000 19.002429
591.000000 18.993717
592.000000 18.986038
593.000000 18.979256
594.000000 18.973220
595.000000 18.967779
596.000000 18.962791
597.000000 18.958133
598.000000 18.953698
599.000000 18.949401
600.000000 17.813950
601.000000 16.891496
602.000000 16.142281
603.000000 15.533958
604.000000 15.046043
605.000000 14.660981
606.000000 14.363705
607.000000 14.141260
608.000000 14.118069
609.000000 14.112325
610.000000 14.118207
611.000000 14.130605
612.000000 14.007131
613.000000 13.913327
614.000000 13.841188
615.000000 13.784633
616.000000 13.739490
617.000000 13.702936
618.000000 13.673094
619.000000 13.648728
620.000000 13.510204
621.000000 13.401137
622.000000 13.315749
623.000000 13.249374
624.000000 13.198252
625.000000 13.159360
626.000000 13.130273
627.000000 13.109043
628.000000 13.093831
629.000000 13.083026
630.000000 13.075288
631.000000 12.951066
632.000000 12.854129
633.000000 12.778893
634.000000 12.720883
635.000000 12.676528
636.000000 12.642988
637.000000 12.499512
638.000000 12.388890
639.000000 12.422916
640.000000 12.451455
641.000000 12.474967
642.000000 12.493859
643.000000 12.508525
644.000000 12.519357
645.000000 12.644963
646.000000 12.622306
647.000000 12.719792
648.000000 12.673897
649.000000 12.633968
650.000000 12.598971
651.000000 12.568112
652.000000 12.540768
653.000000 12.516718
654.000000 12.495626
655.000000 12.477389
656.000000 12.461699
657.000000 12.448159
658.000000 12.436353
659.000000 12.425882
660.000000 12.416395
661.000000 12.407586
662.000000 12.399208
663.000000 12.391067
664.000000 12.383020
665.000000 12.374964
666.000000 12.366832
667.000000 12.358585
668.000000 12.350206
669.000000 12.341692
670.000000 12.333051
671.000000 12.324297
672.000000 12.433939
673.000000 12.517417
674.000000 12.579745
675.000000 12.625011
676.000000 12.656539
677.000000 12.795526
678.000000 12.899592
679.000000 12.975521
680.000000 13.029113
681.000000 13.065212
682.000000 13.087800
683.000000 13.238330
684.000000 13.350687
685.000000 13.432991
686.000000 13.353665
687.000000 13.425007
688.000000 13.476801
689.000000 13.375265
690.000000 13.292586
691.000000 13.364235
692.000000 13.419332
693.000000 13.461865
694.000000 13.494653
695.000000 13.520042
696.000000 13.539922
697.000000 13.555454
698.000000 13.567357
699.000000 13.576424
700.000000 13.583404
701.000000 13.588954
702.000000 13.593608
703.000000 13.597788
704.000000 13.601805
705.000000 13.605884
706.000000 13.610170
707.000000 13.614752
708.000000 13.619670
709.000000 13.624932
710.000000 13.630524
711.000000 13.636419
712.000000 13.642585
713.000000 13.648983
714.000000 13.655578
715.000000 13.780831
716.000000 13.880134
717.000000 13.958465
718.000000 14.019873
719.000000 14.067656
720.000000 14.104498
721.000000 14.132588
722.000000 14.153705
723.000000 14.169578
724.000000 14.181742
725.000000 14.191484
726.000000 14.081340
727.000000 13.996672
728.000000 13.933049
729.000000 13.886791
730.000000 13.854828
731.000000 13.834598
732.000000 13.823953
733.000000 13.682859
734.000000 13.578217
735.000000 13.502587
736.000000 13.449861
737.000000 13.415071
738.000000 13.394225
739.000000 13.384137
740.000000 13.382292
741.000000 13.386397
742.000000 13.394503
743.000000 13.405047
744.000000 13.416835
745.000000 13.429005
746.000000 13.322478
747.000000 13.241472
748.000000 13.180802
749.000000 13.017848
750.000000 12.893911
751.000000 12.801386
752.000000 12.734133
753.000000 12.687195
754.000000 12.656283
755.000000 12.637796
756.000000 12.628778
757.000000 12.626570
758.000000 12.628934
759.000000 12.634081
760.000000 12.640648
761.000000 12.647651
762.000000 12.654424
763.000000 12.660559
764.000000 12.665842
765.000000 12.670208
766.000000 12.673693
767.000000 12.676398
768.000000 12.678459
769.000000 12.680029
770.000000 12.681260
771.000000 12.800786
772.000000 12.894151
773.000000 12.966460
774.000000 13.021866
775.000000 13.063747
776.000000 13.094845
777.000000 13.117386
778.000000 13.133176
779.000000 13.143955
780.000000 13.151265
781.000000 13.156396
782.000000 13.160368
783.000000 13.282451
784.000000 13.378620
785.000000 13.454251
786.000000 13.513639
787.000000 13.560206
788.000000 13.596673
789.000000 13.625190
790.000000 13.647457
791.000000 13.665089
792.000000 13.679492
793.000000 13.691814
794.000000 13.702955
795.000000 13.713587
796.000000 13.724193
797.000000 13.735093
798.000000 13.746478
799.000000 13.901737
800.000000 14.020990
801.000000 14.111489
802.000000 14.179077
803.000000 14.228461
804.000000 14.263433
805.000000 14.287050
806.000000 14.163533
807.000000 14.063882
808.000000 13.984286
809.000000 13.921661
810.000000 13.873448
811.000000 13.837474
812.000000 13.811866
813.000000 13.794997
814.000000 13.785117
815.000000 13.662066
816.000000 13.568945
817.000000 13.499511
818.000000 13.448696
819.000000 13.412420
820.000000 13.387424
821.000000 13.371122
822.000000 13.361482
823.000000 13.356639
824.000000 13.355002
825.000000 13.473783
826.000000 13.448926
827.000000 13.547791
828.000000 13.505885
829.000000 13.471724
830.000000 13.443597
831.000000 13.420186
832.000000 13.400480
833.000000 13.383986
834.000000 13.370192
835.000000 13.358898
836.000000 13.349754
837.000000 13.342360
838.000000 13.336322
839.000000 13.331288
840.000000 13.326954
841.000000 13.323073
842.000000 13.319450
843.000000 13.315938
844.000000 13.312429
845.000000 13.308854
846.000000 13.305169
847.000000 13.419847
848.000000 13.389810
849.000000 13.364645
850.000000 13.343431
851.000000 13.325427
852.000000 13.310032
853.000000 13.296762
854.000000 13.285220
855.000000 13.275371
856.000000 13.267032
857.000000 13.378455
858.000000 13.464806
859.000000 13.530844
860.000000 13.580423
861.000000 13.616675
862.000000 13.642147
863.000000 13.658916
864.000000 13.668680
865.000000 13.673106
866.000000 13.673691
867.000000 13.671698
868.000000 13.668142
869.000000 13.663798
870.000000 13.659236
871.000000 13.654849
872.000000 13.650885
873.000000 13.528986
874.000000 13.433784
875.000000 13.360274
876.000000 13.304339
877.000000 13.262601
878.000000 13.232288
879.000000 13.211130
880.000000 13.197272
881.000000 13.188921
882.000000 13.184487
883.000000 13.182638
884.000000 13.182316
885.000000 13.182714
886.000000 13.183250
887.000000 13.183530
888.000000 13.064817
889.000000 12.971564
890.000000 13.017223
891.000000 13.053168
892.000000 13.081142
893.000000 13.102601
894.000000 13.118751
895.000000 13.130590
896.000000 13.138664
897.000000 13.143289
898.000000 13.144964
899.000000 13.144249
900.000000 13.141686
901.000000 13.137763
902.000000 13.132893
903.000000 13.127419
904.000000 13.121607
905.000000 12.997163
906.000000 12.898809
907.000000 12.821641
908.000000 12.761647
909.000000 12.715545
910.000000 12.680649
911.000000 12.654760
912.000000 12.636083
913.000000 12.622871
914.000000 12.495075
915.000000 12.514458
916.000000 12.411904
917.000000 0.000000
918.000000 0.000000
919.000000 0.000000
920.000000 0.000000
921.000000 0.000000
922.000000 0.000000
923.000000 0.000000
924.000000 0.000000
925.000000 0.000000
926.000000 0.000000
927.000000 0.000000
928.000000 0.000000
929.000000 0.000000
930.000000 0.000000
931.000000 0.000000
932.000000 0.000000
933.000000 0.000000
934.000000 0.000000
935.000000 0.000000
936.000000 0.000000
937.000000 0.000000
938.000000 0.000000
939.000000 0.000000
940.000000 0.000000
941.000000 0.000000
942.000000 0.000000
943.000000 0.000000
944.000000 0.000000
945.000000 0.000000
946.000000 0.000000
947.000000 0.000000
948.000000 0.000000
949.000000 0.000000
950.000000 0.000000
951.000000 0.000000
952.000000 0.000000
953.000000 0.000000
954.000000 0.000000
955.000000 0.000000
956.000000 0.000000
957.000000 0.000000
958.000000 0.000000
959.000000 0.000000
960.000000 0.000000
961.000000 0.000000
962.000000 0.000000
963.000000 0.000000
964.000000 0.000000
965.000000 0.000000
966.000000 0.000000
967.000000 0.000000
968.000000 0.000000
969.000000 0.000000
970.000000 0.000000
971.000000 0.000000
972.000000 0.000000
973.000000 0.000000
974.000000 0.000000
975.000000 0.000000
976.000000 0.000000
977.000000 0.000000
978.000000 0.000000
979.000000 0.000000
980.000000 0.000000
981.000000 0.000000
982.000000 0.000000
983.000000 0.000000
984.000000 0.000000
985.000000 0.000000
986.000000 0.000000
987.000000 0.000000
988.000000 0.000000
989.000000 0.000000
990.000000 0.000000
991.000000 0.000000
992.000000 0.000000
993.000000 0.000000
994.000000 0.000000
995.000000 0.000000
996.000000 0.000000
997.000000 0.000000
998.000000 0.000000
999.000000 0.000000
1000.000000 0.000000
1001.000000 0.000000
1002.000000 0.000000
1003.000000 0.000000
1004.000000 0.000000
1005.000000 0.000000
1006.000000 0.000000
1007.000000 0.000000
1008.000000 0.000000
1009.000000 0.000000
1010.000000 0.000000
1011.000000 0.000000
1012.000000 0.000000
1013.000000 0.000000
1014.000000 0.000000
1015.000000 0.000000
1016.000000 0.000000
1017.000000 0.000000
1018.000000 0.000000
1019.000000 0.000000
1020.000000 0.000000
1021.000000 0.000000
1022.000000 0.000000
1023.000000 0.000000
1024.000000 0.000000
1025.000000 0.000000
1026.000000 0.000000
1027.000000 0.000000
1028.000000 0.000000
1029.000000 0.000000
1030.000000 0.000000
1031.000000 0.000000
1032.000000 0.000000
1033.000000 0.000000
1034.000000 0.000000
1035.000000 0.000000
1036.000000 0.000000
1037.000000 0.000000
1038.000000 0.000000
1039.000000 0.000000
1040.000000 0.000000
1041.000000 0.000000
1042.000000 0.000000
1043.000000 0.000000
1044.000000 0.000000
1045.000000 0.000000
1046.000000 0.000000
1047.000000 0.000000
1048.000000 0.000000
1049.000000 0.000000
1050.000000 0.000000
1051.000000 0.000000
1052.000000 0.000000
1053.000000 0.000000
1054.000000 0.000000
1055.000000 0.000000
1056.000000 0.000000
1057.000000 0.000000
1058.000000 0.000000
1059.000000 0.000000
1060.000000 0.000000
1061.000000 0.000000
1062.000000 0.000000
1063.000000 0.000000
1064.000000 0.000000
1065.000000 0.000000
1066.000000 0.000000
1067.000000 0.000000
1068.000000 0.000000
1069.000000 0.000000
1070.000000 0.000000
1071.000000 0.000000
1072.000000 0.000000
1073.000000 0.000000
1074.000000 0.000000
1075.000000 0.000000
1076.000000 0.000000
1077.000000 0.000000
1078.000000 0.000000
1079.000000 0.000000
1080.000000 0.000000
1081.000000 0.000000
1082.000000 0.000000
1083.000000 0.000000
1084.000000 0.000000
1085.000000 0.000000
1086.000000 0.000000
1087.000000 0.000000
1088.000000 0.000000
1089.000000 0.000000
1090.000000 0.000000
1091.000000 0.000000
1092.000000 0.000000
1093.000000 0.000000
1094.000000 0.000000
1095.000000 0.000000
1096.000000 0.000000
1097.000000 0.000000
1098.000000 0.000000
1099.000000 0.000000
1100.000000 0.000000
1101.000000 0.000000
1102.000000 0.000000
1103.000000 0.000000
1104.000000 0.000000
1105.000000 0.000000
1106.000000 0.000000
1107.000000 0.000000
1108.000000 0.000000
1109.000000 0.000000
1110.000000 0.000000
1111.000000 0.000000
1112.000000 0.000000
1113.000000 0.000000
1114.000000 0.000000
1115.000000 0.000000
1116.000000 0.000000
1117.000000 0.000000
1118.000000 0.000000
1119.000000 0.000000
1120.000000 0.000000
1121.000000 0.000000
1122.000000 0.000000
1123.000000 0.000000
1124.000000 0.000000
1125.000000 0.000000
1126.000000 0.000000
1127.000000 0.000000
1128.000000 0.000000
1129.000000 0.000000
1130.000000 0.000000
1131.000000 0.000000
1132.000000 0.000000
1133.000000 0.000000
1134.000000 0.000000
1135.000000 0.000000
1136.000000 0.000000
1137.000000 0.000000
1138.000000 0.000000
1139.000000 0.000000
1140.000000 0.000000
1141.000000 0.000000
1142.000000 0.000000
1143.000000 0.000000
1144.000000 0.000000
1145.000000 0.000000
1146.000000 0.000000
1147.000000 0.000000
1148.000000 0.000000
1149.000000 0.000000
1150.000000 0.000000
1151.000000 0.000000
1152.000000 0.000000
1153.000000 0.000000
1154.000000 0.000000
1155.000000 0.000000
1156.000000 0.000000
1157.000000 0.000000
1158.000000 0.000000
1159.000000 0.000000
1160.000000 0.000000
1161.000000 0.000000
1162.000000 0.000000
1163.000000 0.000000
1164.000000 0.000000
1165.000000 0.000000
1166.000000 0.000000
1167.000000 0.000000
1168.000000 0.000000
1169.000000 0.000000
1170.000000 0.000000
1171.000000 0.000000
1172.000000 0.000000
1173.000000 0.000000
1174.000000 0.000000
1175.000000 0.000000
1176.000000 0.000000
1177.000000 0.000000
1178.000000 0.000000
1179.000000 0.000000
1180.000000 0.000000
1181.000000 0.000000
1182.000000 0.000000
1183.000000 0.000000
1184.000000 0.000000
1185.000000 0.000000
1186.000000 0.000000
1187.000000 0.000000
1188.000000 0.000000
1189.000000 0.000000
1190.000000 0.000000
1191.000000 0.000000
1192.000000 0.000000
1193.000000 0.000000
1194.000000 0.000000
1195.000000 0.000000
1196.000000 0.000000
1197.000000 0.000000
1198.000000 0.000000
1199.000000 0.000000
1200.000000 0.000000
1201.000000 0.000000
1202.000000 0.000000
1203.000000 0.000000
1204.000000 0.000000
1205.000000 0.000000
1206.000000 0.000000
1207.000000 0.000000
1208.000000 0.000000
1209.000000 0.000000
1210.000000 0.000000
1211.000000 0.000000
1212.000000 0.000000
1213.000000 0.000000
1214.000000 0.000000
1215.000000 0.000000
1216.000000 0.000000
1217.000000 0.000000
1218.000000 0.000000
1219.000000 0.000000
1220.000000 0.000000
1221.000000 0.000000
1222.000000 0.000000
1223.000000 0.000000
1224.000000 0.000000
1225.000000 0.000000
1226.000000 0.000000
1227.000000 0.000000
1228.000000 0.000000
1229.000000 0.000000
1230.000000 0.000000
1231.000000 0.000000
1232.000000 0.000000
1233.000000 0.000000
1234.000000 0.000000
1235.000000 0.000000
1236.000000 0.000000
1237.000000 0.000000
1238.000000 0.000000
1239.000000 0.000000
1240.000000 0.000000
1241.000000 0.000000
1242.000000 0.000000
1243.000000 0.000000
1244.000000 0.000000
1245.000000 0.000000
1246.000000 0.000000
1247.000000 0.000000
1248.000000 0.000000
1249.000000 0.000000
1250.000000 0.000000
1251.000000 0.000000
1252.000000 0.000000
1253.000000 0.000000
1254.000000 0.000000
1255.000000 0.000000
1256.000000 0.000000
1257.000000 0.000000
1258.000000 0.000000
1259.000000 0.000000
1260.000000 0.000000
1261.000000 0.000000
1262.000000 0.000000
1263.000000 0.000000
1264.000000 0.000000
1265.000000 0.000000
1266.000000 0.000000
1267.000000 0.000000
1268.000000 0.000000
1269.000000 0.000000
1270.000000 0.000000
1271.000000 0.000000
1272.000000 0.000000
1273.000000 0.000000
1274.000000 0.000000
1275.000000 0.000000
1276.000000 0.000000
1277.000000 0.000000
1278.000000 0.000000
1279.000000 0.000000
1280.000000 0.000000
1281.000000 0.000000
1282.000000 0.000000
1283.000000 0.000000
1284.000000 0.000000
1285.000000 0.000000
1286.000000 0.000000
1287.000000 0.000000
1288.000000 0.000000
1289.000000 0.000000
1290.000000 0.000000
1291.000000 0.000000
1292.000000 0.000000
1293.000000 0.000000
1294.000000 0.000000
1295.000000 0.000000
1296.000000 0.000000
1297.000000 0.000000
1298.000000 0.000000
1299.000000 0.000000
1300.000000 0.000000
1301.000000 0.000000
1302.000000 0.000000
1303.000000 0.000000
1304.000000 0.000000
1305.000000 0.000000
1306.000000 0.000000
1307.000000 0.000000
1308.000000 0.000000
1309.000000 0.000000
1310.000000 0.000000
1311.000000 0.000000
1312.000000 0.000000
1313.000000 0.000000
1314.000000 0.000000
1315.000000 0.000000
1316.000000 0.000000
1317.000000 0.000000
1318.000000 0.000000
1319.000000 0.000000
1320.000000 0.000000
1321.000000 0.000000
1322.000000 0.000000
1323.000000 0.000000
1324.000000 0.000000
1325.000000 0.000000
1326.000000 0.000000
1327.000000 0.000000
1328.000000 0.000000
1329.000000 0.000000
1330.000000 0.000000
1331.000000 0.000000
1332.000000 0.000000
1333.000000 0.000000
1334.000000 0.000000
1335.000000 0.000000
1336.000000 0.000000
1337.000000 0.000000
1338.000000 0.000000
1339.000000 0.000000
1340.000000 0.000000
1341.000000 0.000000
1342.000000 0.000000
1343.000000 0.000000
1344.000000 0.000000
1345.000000 0.000000
1346.000000 0.000000
1347.000000 0.000000
1348.000000 0.000000
1349.000000 0.000000
1350.000000 0.000000
1351.000000 0.000000
1352.000000 0.000000
1353.000000 0.000000
1354.000000 0.000000
1355.000000 0.000000
1356.000000 0.000000
1357.000000 0.000000
1358.000000 0.000000
1359.000000 0.000000
1360.000000 0.000000
1361.000000 0.000000
1362.000000 0.000000
1363.000000 0.000000
1364.000000 0.000000
1365.000000 0.000000
1366.000000 0.000000
1367.000000 0.000000
1368.000000 0.000000
1369.000000 0.000000
1370.000000 0.000000
1371.000000 0.000000
1372.000000 0.000000
1373.000000 0.000000
1374.000000 0.000000
1375.000000 0.000000
1376.000000 0.000000
1377.000000 0.000000
1378.000000 0.000000
1379.000000 0.000000
1380.000000 0.000000
1381.000000 0.000000
1382.000000 0.000000
1383.000000 0.000000
1384.000000 0.000000
1385.000000 0.000000
1386.000000 0.000000
1387.000000 0.000000
1388.000000 0.000000
1389.000000 0.000000
1390.000000 0.000000
1391.000000 0.000000
1392.000000 0.000000
1393.000000 0.000000
1394.000000 0.000000
1395.000000 0.000000
1396.000000 0.000000
1397.000000 0.000000
1398.000000 0.000000
1399.000000 0.000000
1400.000000 0.000000
1401.000000 0.000000
1402.000000 0.000000
1403.000000 0.000000
1404.000000 0.000000
1405.000000 0.000000
1406.000000 0.000000
1407.000000 0.000000
1408.000000 0.000000
1409.000000 0.000000
1410.000000 0.000000
1411.000000 0.000000
1412.000000 0.000000
1413.000000 0.000000
1414.000000 0.000000
1415.000000 0.000000
1416.000000 0.000000
1417.000000 0.000000
1418.000000 0.000000
1419.000000 0.000000
1420.000000 0.000000
1421.000000 0.000000
1422.000000 0.000000
1423.000000 0.000000
1424.000000 0.000000
1425.000000 0.000000
1426.000000 0.000000
1427.000000 0.000000
1428.000000 0.000000
1429.000000 0.000000
1430.000000 0.000000
1431.000000 0.000000
1432.000000 0.000000
1433.000000 0.000000
1434.000000 0.000000
1435.000000 0.000000
1436.000000 0.000000
1437.000000 0.000000
1438.000000 0.000000
1439.000000 0.000000
1440.000000 0.000000
1441.000000 0.000000
1442.000000 0.000000
1443.000000 0.000000
1444.000000 0.000000
1445.000000 0.000000
1446.000000 0.000000
1447.000000 0.000000
1448.000000 0.000000
1449.000000 0.000000
1450.000000 0.000000
1451.000000 0.000000
1452.000000 0.000000
1453.000000 0.000000
1454.000000 0.000000
1455.000000 0.000000
1456.000000 0.000000
1457.000000 0.000000
1458.000000 0.000000
1459.000000 0.000000
1460.000000 0.000000
1461.000000 0.000000
1462.000000 0.000000
1463.000000 0.000000
1464.000000 0.000000
1465.000000 0.000000
1466.000000 0.000000
1467.000000 0.000000
1468.000000 0.000000
1469.000000 0.000000
1470.000000 0.000000
1471.000000 0.000000
1472.000000 0.000000
1473.000000 0.000000
1474.000000 0.000000
1475.000000 0.000000
1476.000000 0.000000
1477.000000 0.000000
1478.000000 0.000000
1479.000000 0.000000
1480.000000 0.000000
1481.000000 0.000000
1482.000000 0.000000
1483.000000 0.000000
1484.000000 0.000000
1485.000000 0.000000
1486.000000 0.000000
1487.000000 0.000000
1488.000000 0.000000
1489.000000 0.000000
1490.000000 0.000000
1491.000000 0.000000
1492.000000 0.000000
1493.000000 0.000000
1494.000000 0.000000
1495.000000 0.000000
1496.000000 0.000000
1497.000000 0.000000
1498.000000 0.000000
1499.000000 0.000000
1500.000000 0.000000
1501.000000 0.000000
1502.000000 0.000000
1503.000000 0.000000
1504.000000 0.000000
1505.000000 0.000000
1506.000000 0.000000
1507.000000 0.000000
1508.000000 0.000000
1509.000000 0.000000
1510.000000 0.000000
1511.000000 0.000000
1512.000000 0.000000
1513.000000 0.000000
1514.000000 0.000000
1515.000000 0.000000
1516.000000 0.000000
1517.000000 0.000000
1518.000000 0.000000
1519.000000 0.000000
1520.000000 0.000000
1521.000000 0.000000
1522.000000 0.000000
1523.000000 0.000000
1524.000000 0.000000
1525.000000 0.000000
1526.000000 0.000000
1527.000000 0.000000
1528.000000 0.000000
1529.000000 0.000000
1530.000000 0.000000
1531.000000 0.000000
1532.000000 0.000000
1533.000000 0.000000
1534.000000 0.000000
1535.000000 0.000000
1536.000000 0.000000
1537.000000 0.000000
1538.000000 0.000000
1539.000000 0.000000
1540.000000 0.000000
1541.000000 0.000000
1542.000000 0.000000
1543.000000 0.000000
1544.000000 0.000000
1545.000000 0.000000
1546.000000 0.000000
1547.000000 0.000000
1548.000000 0.000000
1549.000000 0.000000
1550.000000 0.000000
1551.000000 0.000000
1552.000000 0.000000
1553.000000 0.000000
1554.000000 0.000000
1555.000000 0.000000
1556.000000 0.000000
1557.000000 0.000000
1558.000000 0.000000
1559.000000 0.000000
1560.000000 0.000000
1561.000000 0.000000
1562.000000 0.000000
1563.000000 0.000000
1564.000000 0.000000
1565.000000 0.000000
1566.000000 0.000000
1567.000000 0.000000
1568.000000 0.000000
1569.000000 0.000000
1570.000000 0.000000
1571.000000 0.000000
1572.000000 0.000000
1573.000000 0.000000
1574.000000 0.000000
1575.000000 0.000000
1576.000000 0.000000
1577.000000 0.000000
1578.000000 0.000000
1579.000000 0.000000
1580.000000 0.000000
1581.000000 0.000000
1582.000000 0.000000
1583.000000 0.000000
1584.000000 0.000000
1585.000000 0.000000
1586.000000 0.000000
1587.000000 0.000000
1588.000000 0.000000
1589.000000 0.000000
1590.000000 0.000000
1591.000000 0.000000
1592.000000 0.000000
1593.000000 0.000000
1594.000000 0.000000
1595.000000 0.000000
1596.000000 0.000000
1597.000000 0.000000
1598.000000 0.000000
1599.000000 0.000000
1600.000000 0.000000
1601.000000 0.000000
1602.000000 0.000000
1603.000000 0.000000
1604.000000 0.000000
1605.000000 0.000000
1606.000000 0.000000
1607.000000 0.000000
1608.000000 0.000000
1609.000000 0.000000
1610.000000 0.000000
1611.000000 0.000000
1612.000000 0.000000
1613.000000 0.000000
1614.000000 0.000000
1615.000000 0.000000
1616.000000 0.000000
1617.000000 0.000000
1618.000000 0.000000
1619.000000 0.000000
1620.000000 0.000000
1621.000000 0.000000
1622.000000 0.000000
1623.000000 0.000000
1624.000000 0.000000
1625.000000 0.000000
1626.000000 0.000000
1627.000000 0.000000
1628.000000 0.000000
1629.000000 0.000000
1630.000000 0.000000
1631.000000 0.000000
1632.000000 0.000000
1633.000000 0.000000
1634.000000 0.000000
1635.000000 0.000000
1636.000000 0.000000
1637.000000 0.000000
1638.000000 0.000000
1639.000000 0.000000
1640.000000 0.000000
1641.000000 0.000000
1642.000000 0.000000
1643.000000 0.000000
1644.000000 0.000000
1645.000000 0.000000
1646.000000 0.000000
1647.000000 0.000000
1648.000000 0.000000
1649.000000 0.000000
1650.000000 0.000000
1651.000000 0.000000
1652.000000 0.000000
1653.000000 0.000000
1654.000000 0.000000
1655.000000 0.000000
1656.000000 0.000000
1657.000000 0.000000
1658.000000 0.000000
1659.000000 0.000000
1660.000000 0.000000
1661.000000 0.000000
1662.000000 0.000000
1663.000000 0.000000
1664.000000 0.000000
1665.000000 0.000000
1666.000000 0.000000
1667.000000 0.000000
1668.000000 0.000000
1669.000000 0.000000
1670.000000 0.000000
1671.000000 0.000000
1672.000000 0.000000
1673.000000 0.000000
1674.000000 0.000000
1675.000000 0.000000
1676.000000 0.000000
1677.000000 0.000000
1678.000000 0.000000
1679.000000 0.000000
1680.000000 0.000000
1681.000000 0.000000
1682.000000 0.000000
1683.000000 0.000000
1684.000000 0.000000
1685.000000 0.000000
1686.000000 0.000000
1687.000000 0.000000
1688.000000 0.000000
1689.000000 0.000000
1690.000000 0.000000
1691.000000 0.000000
1692.000000 0.000000
1693.000000 0.000000
1694.000000 0.000000
1695.000000 0.000000
1696.000000 0.000000
1697.000000 0.000000
1698.000000 0.000000
1699.000000 0.000000
1700.000000 0.000000
1701.000000 0.000000
1702.000000 0.000000
1703.000000 0.000000
1704.000000 0.000000
1705.000000 0.000000
1706.000000 0.000000
1707.000000 0.000000
1708.000000 0.000000
1709.000000 0.000000
1710.000000 0.000000
1711.000000 0.000000
1712.000000 0.000000
1713.000000 0.000000
1714.000000 0.000000
1715.000000 0.000000
1716.000000 0.000000
1717.000000 0.000000
1718.000000 0.000000
1719.000000 0.000000
1720.000000 0.000000
1721.000000 0.000000
1722.000000 0.000000
1723.000000 0.000000
1724.000000 0.000000
1725.000000 0.000000
1726.000000 0.000000
1727.000000 0.000000
1728.000000 0.000000
1729.000000 0.000000
1730.000000 0.000000
1731.000000 0.000000
1732.000000 0.000000
1733.000000 0.000000
1734.000000 0.000000
1735.000000 0.000000
1736.000000 0.000000
1737.000000 0.000000
1738.000000 0.000000
1739.000000 0.000000
1740.000000 0.000000
1741.000000 0.000000
1742.000000 0.000000
1743.000000 0.000000
1744.000000 0.000000
1745.000000 0.000000
1746.000000 0.000000
1747.000000 0.000000
1748.000000 0.000000
1749.000000 0.000000
1750.000000 0.000000
1751.000000 0.000000
1752.000000 0.000000
1753.000000 0.000000
1754.000000 0.000000
1755.000000 0.000000
1756.000000 0.000000
1757.000000 0.000000
1758.000000 0.000000
1759.000000 0.000000
1760.000000 0.000000
1761.000000 0.000000
1762.000000 0.000000
1763.000000 0.000000
1764.000000 0.000000
1765.000000 0.000000
1766.000000 0.000000
1767.000000 0.000000
1768.000000 0.000000
1769.000000 0.000000
1770.000000 0.000000
1771.000000 0.000000
1772.000000 0.000000
1773.000000 0.000000
1774.000000 0.000000
1775.000000 0.000000
1776.000000 0.000000
1777.000000 0.000000
1778.000000 0.000000
1779.000000 0.000000
1780.000000 0.000000
1781.000000 0.000000
1782.000000 0.000000
1783.000000 0.000000
1784.000000 0.000000
1785.000000 0.000000
1786.000000 0.000000
1787.000000 0.000000
1788.000000 0.000000
1789.000000 0.000000
1790.000000 0.000000
1791.000000 0.000000
1792.000000 0.000000
1793.000000 0.000000
1794.000000 0.000000
1795.000000 0.000000
1796.000000 0.000000
1797.000000 0.000000
1798.000000 0.000000
1799.000000 0.000000
1800.000000 0.000000
1801.000000 0.000000
1802.000000 0.000000
1803.000000 0.000000
1804.000000 0.000000
1805.000000 0.000000
1806.000000 0.000000
1807.000000 0.000000
1808.000000 0.000000
1809.000000 0.000000
1810.000000 0.000000
1811.000000 0.000000
1812.000000 0.000000
1813.000000 0.000000
1814.000000 0.000000
1815.000000 0.000000
1816.000000 0.000000
1817.000000 0.000000
1818.000000 0.000000
1819.000000 0.000000
1820.000000 0.000000
1821.000000 0.000000
1822.000000 0.000000
1823.000000 0.000000
1824.000000 0.000000
1825.000000 0.000000
1826.000000 0.000000
1827.000000 0.000000
1828.000000 0.000000
1829.000000 0.000000
1830.000000 0.000000
1831.000000 0.000000
1832.000000 0.000000
1833.000000 0.000000
1834.000000 0.000000
1835.000000 0.000000
1836.000000 0.000000
1837.000000 0.000000
1838.000000 0.000000
1839.000000 0.000000
1840.000000 0.000000
1841.000000 0.000000
1842.000000 0.000000
1843.000000 0.000000
1844.000000 0.000000
1845.000000 0.000000
1846.000000 0.000000
1847.000000 0.000000
1848.000000 0.000000
1849.000000 0.000000
1850.000000 0.000000
1851.000000 0.000000
1852.000000 0.000000
1853.000000 0.000000
1854.000000 0.000000
1855.000000 0.000000
1856.000000 0.000000
1857.000000 0.000000
1858.000000 0.000000
1859.000000 0.000000
1860.000000 0.000000
1861.000000 0.000000
1862.000000 0.000000
1863.000000 0.000000
1864.000000 0.000000
1865.000000 0.000000
1866.000000 0.000000
1867.000000 0.000000
1868.000000 0.000000
1869.000000 0.000000
1870.000000 0.000000
1871.000000 0.000000
1872.000000 0.000000
1873.000000 0.000000
1874.000000 0.000000
1875.000000 0.000000
1876.000000 0.000000
1877.000000 0.000000
1878.000000 0.000000
1879.000000 0.000000
1880.000000 0.000000
1881.000000 0.000000
1882.000000 0.000000
1883.000000 0.000000
1884.000000 0.000000
1885.000000 0.000000
1886.000000 0.000000
1887.000000 0.000000
1888.000000 0.000000
1889.000000 0.000000
1890.000000 0.000000
1891.000000 0.000000
1892.000000 0.000000
1893.000000 0.000000
1894.000000 0.000000
1895.000000 0.000000
1896.000000 0.000000
1897.000000 0.000000
1898.000000 0.000000
1899.000000 0.000000
1900.000000 0.000000
1901.000000 0.000000
1902.000000 0.000000
1903.000000 0.000000
1904.000000 0.000000
1905.000000 0.000000
1906.000000 0.000000
1907.000000 0.000000
1908.000000 0.000000
1909.000000 0.000000
1910.000000 0.000000
1911.000000 0.000000
1912.000000 0.000000
1913.000000 0.000000
1914.000000 0.000000
1915.000000 0.000000
1916.000000 0.000000
1917.000000 0.000000
1918.000000 0.000000
1919.000000 0.000000
1920.000000 0.000000
1921.000000 0.000000
1922.000000 0.000000
1923.000000 0.000000
1924.000000 0.000000
1925.000000 0.000000
1926.000000 0.000000
1927.000000 0.000000
1928.000000 0.000000
1929.000000 0.000000
1930.000000 0.000000
1931.000000 0.000000
1932.000000 0.000000
1933.000000 0.000000
1934.000000 0.000000
1935.000000 0.000000
1936.000000 0.000000
1937.000000 0.000000
1938.000000 0.000000
1939.000000 0.000000
1940.000000 0.000000
1941.000000 0.000000
1942.000000 0.000000
1943.000000 0.000000
1944.000000 0.000000
1945.000000 0.000000
1946.000000 0.000000
1947.000000 0.000000
1948.000000 0.000000
1949.000000 0.000000
1950.000000 0.000000
1951.000000 0.000000
1952.000000 0.000000
1953.000000 0.000000
1954.000000 0.000000
1955.000000 0.000000
1956.000000 0.000000
1957.000000 0.000000
1958.000000 0.000000
1959.000000 0.000000
1960.000000 0.000000
1961.000000 0.000000
1962.000000 0.000000
1963.000000 0.000000
1964.000000 0.000000
1965.000000 0.000000
1966.000000 0.000000
1967.000000 0.000000
1968.000000 0.000000
1969.000000 0.000000
1970.000000 0.000000
1971.000000 0.000000
1972.000000 0.000000
1973.000000 0.000000
1974.000000 0.000000
1975.000000 0.000000
1976.000000 0.000000
1977.000000 0.000000
1978.000000 0.000000
1979.000000 0.000000
1980.000000 0.000000
1981.000000 0.000000
1982.000000 0.000000
1983.000000 0.000000
1984.000000 0.000000
1985.000000 0.000000
1986.000000 0.000000
1987.000000 0.000000
1988.000000 0.000000
1989.000000 0.000000
1990.000000 0.000000
1991.000000 0.000000
1992.000000 0.000000
1993.000000 0.000000
1994.000000 0.000000
1995.000000 0.000000
1996.000000 0.000000
1997.000000 0.000000
1998.000000 0.000000
1999.000000 0.000000
2000.000000 0.000000
2001.000000 0.000000
2002.000000 0.000000
2003.000000 0.000000
2004.000000 0.000000
2005.000000 0.000000
2006.000000 0.000000
2007.000000 0.000000
2008.000000 0.000000
2009.000000 0.000000
2010.000000 0.000000
2011.000000 0.000000
2012.000000 0.000000
2013.000000 0.000000
2014.000000 0.000000
2015.000000 0.000000
2016.000000 0.000000
2017.000000 0.000000
2018.000000 0.000000
2019.000000 0.000000
2020.000000 0.000000
2021.000000 0.000000
2022.000000 0.000000
2023.000000 0.000000
2024.000000 0.000000
2025.000000 0.000000
2026.000000 0.000000
2027.000000 0.000000
2028.000000 0.000000
2029.000000 0.000000
2030.000000 0.000000
2031.000000 0.000000
2032.000000 0.000000
2033.000000 0.000000
2034.000000 0.000000
2035.000000 0.000000
2036.000000 0.000000
2037.000000 0.000000
2038.000000 0.000000
2039.000000 0.000000
2040.000000 0.000000
2041.000000 0.000000
2042.000000 0.000000
2043.000000 0.000000
2044.000000 0.000000
2045.000000 0.000000
2046.000000 0.000000
2047.000000 0.000000
2048.000000 0.000000
2049.000000 0.000000
2050.000000 0.000000
2051.000000 0.000000
2052.000000 0.000000
2053.000000 0.000000
2054.000000 0.000000
2055.000000 0.000000
2056.000000 0.000000
2057.000000 0.000000
2058.000000 0.000000
2059.000000 0.000000
2060.000000 0.000000
2061.000000 0.000000
2062.000000 0.000000
2063.000000 0.000000
2064.000000 0.000000
2065.000000 0.000000
2066.000000 0.000000
2067.000000 0.000000
2068.000000 0.000000
2069.000000 0.000000
2070.000000 0.000000
2071.000000 0.000000
2072.000000 0.000000
2073.000000 0.000000
2074.000000 0.000000
2075.000000 0.000000
2076.000000 0.000000
2077.000000 0.000000
2078.000000 0.000000
2079.000000 0.000000
2080.000000 0.000000
2081.000000 0.000000
2082.000000 0.000000
2083.000000 0.000000
2084.000000 0.000000
2085.000000 0.000000
2086.000000 0.000000
2087.000000 0.000000
2088.000000 0.000000
2089.000000 0.000000
2090.000000 0.000000
2091.000000 0.000000
2092.000000 0.000000
2093.000000 0.000000
2094.000000 0.000000
2095.000000 0.000000
2096.000000 0.000000
2097.000000 0.000000
2098.000000 0.000000
2099.000000 0.000000
2100.000000 0.000000
2101.000000 0.000000
2102.000000 0.000000
2103.000000 0.000000
2104.000000 0.000000
2105.000000 0.000000
2106.000000 0.000000
2107.000000 0.000000
2108.000000 0.000000
2109.000000 0.000000
2110.000000 0.000000
2111.000000 0.000000
2112.000000 0.000000
2113.000000 0.000000
2114.000000 0.000000
2115.000000 0.000000
2116.000000 0.000000
2117.000000 0.000000
2118.000000 0.000000
2119.000000 0.000000
2120.000000 0.000000
2121.000000 0.000000
2122.000000 0.000000
2123.000000 0.000000
2124.000000 0.000000
2125.000000 0.000000
2126.000000 0.000000
2127.000000 0.000000
2128.000000 0.000000
2129.000000 0.000000
2130.000000 0.000000
2131.000000 0.000000
2132.000000 0.000000
2133.000000 0.000000
2134.000000 0.000000
2135.000000 0.000000
2136.000000 0.000000
2137.000000 0.000000
2138.000000 0.000000
2139.000000 0.000000
2140.000000 0.000000
2141.000000 0.000000
2142.000000 0.000000
2143.000000 0.000000
2144.000000 0.000000
2145.000000 0.000000
2146.000000 0.000000
2147.000000 0.000000
2148.000000 0.000000
2149.000000 0.000000
2150.000000 0.000000
2151.000000 0.000000
2152.000000 0.000000
2153.000000 0.000000
2154.000000 0.000000
2155.000000 0.000000
2156.000000 0.000000
2157.000000 0.000000
2158.000000 0.000000
2159.000000 0.000000
2160.000000 0.000000
2161.000000 0.000000
2162.000000 0.000000
2163.000000 0.000000
2164.000000 0.000000
2165.000000 0.000000
2166.000000 0.000000
2167.000000 0.000000
2168.000000 0.000000
2169.000000 0.000000
2170.000000 0.000000
2171.000000 0.000000
2172.000000 0.000000
2173.000000 0.000000
2174.000000 0.000000
2175.000000 0.000000
2176.000000 0.000000
2177.000000 0.000000
2178.000000 0.000000
2179.000000 0.000000
2180.000000 0.000000
2181.000000 0.000000
2182.000000 0.000000
2183.000000 0.000000
2184.000000 0.000000
2185.000000 0.000000
2186.000000 0.000000
2187.000000 0.000000
2188.000000 0.000000
2189.000000 0.000000
2190.000000 0.000000
2191.000000 0.000000
2192.000000 0.000000
2193.000000 0.000000
2194.000000 0.000000
2195.000000 0.000000
2196.000000 0.000000
2197.000000 0.000000
2198.000000 0.000000
2199.000000 0.000000
2200.000000 0.000000
2201.000000 0.000000
2202.000000 0.000000
2203.000000 0.000000
2204.000000 0.000000
2205.000000 0.000000
2206.000000 0.000000
2207.000000 0.000000
2208.000000 0.000000
2209.000000 0.000000
2210.000000 0.000000
2211.000000 0.000000
2212.000000 0.000000
2213.000000 0.000000
2214.000000 0.000000
2215.000000 0.000000
2216.000000 0.000000
2217.000000 0.000000
2218.000000 0.000000
2219.000000 0.000000
2220.000000 0.000000
2221.000000 0.000000
2222.000000 0.000000
2223.000000 0.000000
2224.000000 0.000000
2225.000000 0.000000
2226.000000 0.000000
2227.000000 0.000000
2228.000000 0.000000
2229.000000 0.000000
2230.000000 0.000000
2231.000000 0.000000
2232.000000 0.000000
2233.000000 0.000000
2234.000000 0.000000
2235.000000 0.000000
2236.000000 0.000000
2237.000000 0.000000
2238.000000 0.000000
2239.000000 0.000000
2240.000000 0.000000
2241.000000 0.000000
2242.000000 0.000000
2243.000000 0.000000
2244.000000 0.000000
2245.000000 0.000000
2246.000000 0.000000
2247.000000 0.000000
2248.000000 0.000000
2249.000000 0.000000
2250.000000 0.000000
2251.000000 0.000000
2252.000000 0.000000
2253.000000 0.000000
2254.000000 0.000000
2255.000000 0.000000
2256.000000 0.000000
2257.000000 0.000000
2258.000000 0.000000
2259.000000 0.000000
2260.000000 0.000000
2261.000000 0.000000
2262.000000 0.000000
2263.000000 0.000000
2264.000000 0.000000
2265.000000 0.000000
2266.000000 0.000000
2267.000000 0.000000
2268.000000 0.000000
2269.000000 0.000000
2270.000000 0.000000
2271.000000 0.000000
2272.000000 0.000000
2273.000000 0.000000
2274.000000 0.000000
2275.000000 0.000000
2276.000000 0.000000
2277.000000 0.000000
2278.000000 0.000000
2279.000000 0.000000
2280.000000 0.000000
2281.000000 0.000000
2282.000000 0.000000
2283.000000 0.000000
2284.000000 0.000000
2285.000000 0.000000
2286.000000 0.000000
2287.000000 0.000000
2288.000000 0.000000
2289.000000 0.000000
2290.000000 0.000000
2291.000000 0.000000
2292.000000 0.000000
2293.000000 0.000000
2294.000000 0.000000
2295.000000 0.000000
2296.000000 0.000000
2297.000000 0.000000
2298.000000 0.000000
2299.000000 0.000000
2300.000000 0.000000
2301.000000 0.000000
2302.000000 0.000000
2303.000000 0.000000
2304.000000 0.000000
2305.000000 0.000000
2306.000000 0.000000
2307.000000 0.000000
2308.000000 0.000000
2309.000000 0.000000
2310.000000 0.000000
2311.000000 0.000000
2312.000000 0.000000
2313.000000 0.000000
2314.000000 0.000000
2315.000000 0.000000
2316.000000 0.000000
2317.000000 0.000000
2318.000000 0.000000
2319.000000 0.000000
2320.000000 0.000000
2321.000000 0.000000
2322.000000 0.000000
2323.000000 0.000000
2324.000000 0.000000
2325.000000 0.000000
2326.000000 0.000000
2327.000000 0.000000
2328.000000 0.000000
2329.000000 0.000000
2330.000000 0.000000
2331.000000 0.000000
2332.000000 0.000000
2333.000000 0.000000
2334.000000 0.000000
2335.000000 0.000000
2336.000000 0.000000
2337.000000 0.000000
2338.000000 0.000000
2339.000000 0.000000
2340.000000 0.000000
2341.000000 0.000000
2342.000000 0.000000
2343.000000 0.000000
2344.000000 0.000000
2345.000000 0.000000
2346.000000 0.000000
2347.000000 0.000000
2348.000000 0.000000
2349.000000 0.000000
2350.000000 0.000000
2351.000000 0.000000
2352.000000 0.000000
2353.000000 0.000000
2354.000000 0.000000
2355.000000 0.000000
2356.000000 0.000000
2357.000000 0.000000
2358.000000 0.000000
2359.000000 0.000000
2360.000000 0.000000
2361.000000 0.000000
2362.000000 0.000000
2363.000000 0.000000
2364.000000 0.000000
2365.000000 0.000000
2366.000000 0.000000
2367.000000 0.000000
2368.000000 0.000000
2369.000000 0.000000
2370.000000 0.000000
2371.000000 0.000000
2372.000000 0.000000
2373.000000 0.000000
2374.000000 0.000000
2375.000000 0.000000
2376.000000 0.000000
2377.000000 0.000000
2378.000000 0.000000
2379.000000 0.000000
2380.000000 0.000000
2381.000000 0.000000
2382.000000 0.000000
2383.000000 0.000000
2384.000000 0.000000
2385.000000 0.000000
2386.000000 0.000000
2387.000000 0.000000
2388.000000 0.000000
2389.000000 0.000000
2390.000000 0.000000
2391.000000 0.000000
2392.000000 0.000000
2393.000000 0.000000
2394.000000 0.000000
2395.000000 0.000000
2396.000000 0.000000
2397.000000 0.000000
2398.000000 0.000000
2399.000000 0.000000
2400.000000 0.000000
2401.000000 0.000000
2402.000000 0.000000
2403.000000 0.000000
2404.000000 0.000000
2405.000000 0.000000
2406.000000 0.000000
2407.000000 0.000000
2408.000000 0.000000
2409.000000 0.000000
2410.000000 0.000000
2411.000000 0.000000
2412.000000 0.000000
2413.000000 0.000000
2414.000000 0.000000
2415.000000 0.000000
2416.000000 0.000000
2417.000000 0.000000
2418.000000 0.000000
2419.000000 0.000000
2420.000000 0.000000
2421.000000 0.000000
2422.000000 0.000000
2423.000000 0.000000
2424.000000 0.000000
2425.000000 0.000000
2426.000000 0.000000
2427.000000 0.000000
2428.000000 0.000000
2429.000000 0.000000
2430.000000 0.000000
2431.000000 0.000000
2432.000000 0.000000
2433.000000 0.000000
2434.000000 0.000000
2435.000000 0.000000
2436.000000 0.000000
2437.000000 0.000000
2438.000000 0.000000
2439.000000 0.000000
2440.000000 0.000000
2441.000000 0.000000
2442.000000 0.000000
2443.000000 0.000000
2444.000000 0.000000
2445.000000 0.000000
2446.000000 0.000000
2447.000000 0.000000
2448.000000 0.000000
2449.000000 0.000000
2450.000000 0.000000
2451.000000 0.000000
2452.000000 0.000000
2453.000000 0.000000
2454.000000 0.000000
2455.000000 0.000000
2456.000000 0.000000
2457.000000 0.000000
2458.000000 0.000000
2459.000000 0.000000
2460.000000 0.000000
2461.000000 0.000000
2462.000000 0.000000
2463.000000 0.000000
2464.000000 0.000000
2465.000000 0.000000
2466.000000 0.000000
2467.000000 0.000000
2468.000000 0.000000
2469.000000 0.000000
2470.000000 0.000000
2471.000000 0.000000
2472.000000 0.000000
2473.000000 0.000000
2474.000000 0.000000
2475.000000 0.000000
2476.000000 0.000000
2477.000000 0.000000
2478.000000 0.000000
2479.000000 0.000000
2480.000000 0.000000
2481.000000 0.000000
2482.000000 0.000000
2483.000000 0.000000
2484.000000 0.000000
2485.000000 0.000000
2486.000000 0.000000
2487.000000 0.000000
2488.000000 0.000000
2489.000000 0.000000
2490.000000 0.000000
2491.000000 0.000000
2492.000000 0.000000
2493.000000 0.000000
2494.000000 0.000000
2495.000000 0.000000
2496.000000 0.000000
2497.000000 0.000000
2498.000000 0.000000
2499.000000 0.000000
2500.000000 0.000000
2501.000000 0.000000
2502.000000 0.000000
2503.000000 0.000000
2504.000000 0.000000
2505.000000 0.000000
2506.000000 0.000000
2507.000000 0.000000
2508.000000 0.000000
2509.000000 0.000000
2510.000000 0.000000
2511.000000 0.000000
2512.000000 0.000000
2513.000000 0.000000
2514.000000 0.000000
2515.000000 0.000000
2516.000000 0.000000
2517.000000 0.000000
2518.000000 0.000000
2519.000000 0.000000
2520.000000 0.000000
2521.000000 0.000000
2522.000000 0.000000
2523.000000 0.000000
2524.000000 0.000000
2525.000000 0.000000
2526.000000 0.000000
2527.000000 0.000000
2528.000000 0.000000
2529.000000 0.000000
2530.000000 0.000000
2531.000000 0.000000
2532.000000 0.000000
2533.000000 0.000000
2534.000000 0.000000
2535.000000 0.000000
2536.000000 0.000000
2537.000000 0.000000
2538.000000 0.000000
2539.000000 0.000000
2540.000000 0.000000
2541.000000 0.000000
2542.000000 0.000000
2543.000000 0.000000
2544.000000 0.000000
2545.000000 0.000000
2546.000000 0.000000
2547.000000 0.000000
2548.000000 0.000000
2549.000000 0.000000
2550.000000 0.000000
2551.000000 0.000000
2552.000000 0.000000
2553.000000 0.000000
2554.000000 0.000000
2555.000000 0.000000
2556.000000 0.000000
2557.000000 0.000000
2558.000000 0.000000
2559.000000 0.000000
2560.000000 0.000000
2561.000000 0.000000
2562.000000 0.000000
2563.000000 0.000000
2564.000000 0.000000
2565.000000 0.000000
2566.000000 0.000000
2567.000000 0.000000
2568.000000 0.000000
2569.000000 0.000000
2570.000000 0.000000
2571.000000 0.000000
2572.000000 0.000000
2573.000000 0.000000
2574.000000 0.000000
2575.000000 0.000000
2576.000000 0.000000
2577.000000 0.000000
2578.000000 0.000000
2579.000000 0.000000
2580.000000 0.000000
2581.000000 0.000000
2582.000000 0.000000
2583.000000 0.000000
2584.000000 0.000000
2585.000000 0.000000
2586.000000 0.000000
2587.000000 0.000000
2588.000000 0.000000
2589.000000 0.000000
2590.000000 0.000000
2591.000000 0.000000
2592.000000 0.000000
2593.000000 0.000000
2594.000000 0.000000
2595.000000 0.000000
2596.000000 0.000000
2597.000000 0.000000
2598.000000 0.000000
2599.000000 0.000000
2600.000000 0.000000
2601.000000 0.000000
2602.000000 0.000000
2603.000000 0.000000
2604.000000 0.000000
2605.000000 0.000000
2606.000000 0.000000
2607.000000 0.000000
2608.000000 0.000000
2609.000000 0.000000
2610.000000 0.000000
2611.000000 0.000000
2612.000000 0.000000
2613.000000 0.000000
2614.000000 0.000000
2615.000000 0.000000
2616.000000 0.000000
2617.000000 0.000000
2618.000000 0.000000
2619.000000 0.000000
2620.000000 0.000000
2621.000000 0.000000
2622.000000 0.000000
2623.000000 0.000000
2624.000000 0.000000
2625.000000 0.000000
2626.000000 0.000000
2627.000000 0.000000
2628.000000 0.000000
2629.000000 0.000000
2630.000000 0.000000
2631.000000 0.000000
2632.000000 0.000000
2633.000000 0.000000
2634.000000 0.000000
2635.000000 0.000000
2636.000000 0.000000
2637.000000 0.000000
2638.000000 0.000000
2639.000000 0.000000
2640.000000 0.000000
2641.000000 0.000000
2642.000000 0.000000
2643.000000 0.000000
2644.000000 0.000000
2645.000000 0.000000
2646.000000 0.000000
2647.000000 0.000000
2648.000000 0.000000
2649.000000 0.000000
2650.000000 0.000000
2651.000000 0.000000
2652.000000 0.000000
2653.000000 0.000000
2654.000000 0.000000
2655.000000 0.000000
2656.000000 0.000000
2657.000000 0.000000
2658.000000 0.000000
2659.000000 0.000000
2660.000000 0.000000
2661.000000 0.000000
2662.000000 0.000000
2663.000000 0.000000
2664.000000 0.000000
2665.000000 0.000000
2666.000000 0.000000
2667.000000 0.000000
2668.000000 0.000000
2669.000000 0.000000
2670.000000 0.000000
2671.000000 0.000000
2672.000000 0.000000
2673.000000 0.000000
2674.000000 0.000000
2675.000000 0.000000
2676.000000 0.000000
2677.000000 0.000000
2678.000000 0.000000
2679.000000 0.000000
2680.000000 0.000000
2681.000000 0.000000
2682.000000 0.000000
2683.000000 0.000000
2684.000000 0.000000
2685.000000 0.000000
2686.000000 0.000000
2687.000000 0.000000
2688.000000 0.000000
2689.000000 0.000000
2690.000000 0.000000
2691.000000 0.000000
2692.000000 0.000000
2693.000000 0.000000
2694.000000 0.000000
2695.000000 0.000000
2696.000000 0.000000
2697.000000 0.000000
2698.000000 0.000000
2699.000000 0.000000
2700.000000 0.000000
2701.000000 0.000000
2702.000000 0.000000
2703.000000 0.000000
2704.000000 0.000000
2705.000000 0.000000
2706.000000 0.000000
2707.000000 0.000000
2708.000000 0.000000
2709.000000 0.000000
2710.000000 0.000000
2711.000000 0.000000
2712.000000 0.000000
2713.000000 0.000000
2714.000000 0.000000
2715.000000 0.000000
2716.000000 0.000000
2717.000000 0.000000
2718.000000 0.000000
2719.000000 0.000000
2720.000000 0.000000
2721.000000 0.000000
2722.000000 0.000000
2723.000000 0.000000
2724.000000 0.000000
2725.000000 0.000000
2726.000000 0.000000
2727.000000 0.000000
2728.000000 0.000000
2729.000000 0.000000
2730.000000 0.000000
2731.000000 0.000000
2732.000000 0.000000
2733.000000 0.000000
2734.000000 0.000000
2735.000000 0.000000
2736.000000 0.000000
2737.000000 0.000000
2738.000000 0.000000
2739.000000 0.000000
2740.000000 0.000000
2741.000000 0.000000
2742.000000 0.000000
2743.000000 0.000000
2744.000000 0.000000
2745.000000 0.000000
2746.000000 0.000000
2747.000000 0.000000
2748.000000 0.000000
2749.000000 0.000000
2750.000000 0.000000
2751.000000 0.000000
2752.000000 0.000000
2753.000000 0.000000
2754.000000 0.000000
2755.000000 0.000000
2756.000000 0.000000
2757.000000 0.000000
2758.000000 0.000000
2759.000000 0.000000
2760.000000 0.000000
2761.000000 0.000000
2762.000000 0.000000
2763.000000 0.000000
2764.000000 0.000000
2765.000000 0.000000
2766.000000 0.000000
2767.000000 0.000000
2768.000000 0.000000
2769.000000 0.000000
2770.000000 0.000000
2771.000000 0.000000
2772.000000 0.000000
2773.000000 0.000000
2774.000000 0.000000
2775.000000 0.000000
2776.000000 0.000000
2777.000000 0.000000
2778.000000 0.000000
2779.000000 0.000000
2780.000000 0.000000
2781.000000 0.000000
2782.000000 0.000000
2783.000000 0.000000
2784.000000 0.000000
2785.000000 0.000000
2786.000000 0.000000
2787.000000 0.000000
2788.000000 0.000000
2789.000000 0.000000
2790.000000 0.000000
2791.000000 0.000000
2792.000000 0.000000
2793.000000 0.000000
2794.000000 0.000000
2795.000000 0.000000
2796.000000 0.000000
2797.000000 0.000000
2798.000000 0.000000
2799.000000 0.000000
2800.000000 0.000000
2801.000000 0.000000
2802.000000 0.000000
2803.000000 0.000000
2804.000000 0.000000
2805.000000 0.000000
2806.000000 0.000000
2807.000000 0.000000
2808.000000 0.000000
2809.000000 0.000000
2810.000000 0.000000
2811.000000 0.000000
2812.000000 0.000000
2813.000000 0.000000
2814.000000 0.000000
2815.000000 0.000000
2816.000000 0.000000
2817.000000 0.000000
2818.000000 0.000000
2819.000000 0.000000
2820.000000 0.000000
2821.000000 0.000000
2822.000000 0.000000
2823.000000 0.000000
2824.000000 0.000000
2825.000000 0.000000
2826.000000 0.000000
2827.000000 0.000000
2828.000000 0.000000
2829.000000 0.000000
2830.000000 0.000000
2831.000000 0.000000
2832.000000 0.000000
2833.000000 0.000000
2834.000000 0.000000
2835.000000 0.000000
2836.000000 0.000000
2837.000000 0.000000
2838.000000 0.000000
2839.000000 0.000000
2840.000000 0.000000
2841.000000 0.000000
2842.000000 0.000000
2843.000000 0.000000
2844.000000 0.000000
2845.000000 0.000000
2846.000000 0.000000
2847.000000 0.000000
2848.000000 0.000000
2849.000000 0.000000
2850.000000 0.000000
2851.000000 0.000000
2852.000000 0.000000
2853.000000 0.000000
2854.000000 0.000000
2855.000000 0.000000
2856.000000 0.000000
2857.000000 0.000000
2858.000000 0.000000
2859.000000 0.000000
2860.000000 0.000000
2861.000000 0.000000
2862.000000 0.000000
2863.000000 0.000000
2864.000000 0.000000
2865.000000 0.000000
2866.000000 0.000000
2867.000000 0.000000
2868.000000 0.000000
2869.000000 0.000000
2870.000000 0.000000
2871.000000 0.000000
2872.000000 0.000000
2873.000000 0.000000
2874.000000 0.000000
2875.000000 0.000000
2876.000000 0.000000
2877.000000 0.000000
2878.000000 0.000000
2879.000000 0.000000
2880.000000 0.000000
2881.000000 0.000000
2882.000000 0.000000
2883.000000 0.000000
2884.000000 0.000000
2885.000000 0.000000
2886.000000 0.000000
2887.000000 0.000000
2888.000000 0.000000
2889.000000 0.000000
2890.000000 0.000000
2891.000000 0.000000
2892.000000 0.000000
2893.000000 0.000000
2894.000000 0.000000
2895.000000 0.000000
2896.000000 0.000000
2897.000000 0.000000
2898.000000 0.000000
2899.000000 0.000000
2900.000000 0.000000
2901.000000 0.000000
2902.000000 0.000000
2903.000000 0.000000
2904.000000 0.000000
2905.000000 0.000000
2906.000000 0.000000
2907.000000 0.000000
2908.000000 0.000000
2909.000000 0.000000
2910.000000 0.000000
2911.000000 0.000000
2912.000000 0.000000
2913.000000 0.000000
2914.000000 0.000000
2915.000000 0.000000
2916.000000 0.000000
2917.000000 0.000000
2918.000000 0.000000
2919.000000 0.000000
2920.000000 0.000000
2921.000000 0.000000
2922.000000 0.000000
2923.000000 0.000000
2924.000000 0.000000
2925.000000 0.000000
2926.000000 0.000000
2927.000000 0.000000
2928.000000 0.000000
2929.000000 0.000000
2930.000000 0.000000
2931.000000 0.000000
2932.000000 0.000000
2933.000000 0.000000
2934.000000 0.000000
2935.000000 0.000000
2936.000000 0.000000
2937.000000 0.000000
2938.000000 0.000000
2939.000000 0.000000
2940.000000 0.000000
2941.000000 0.000000
2942.000000 0.000000
2943.000000 0.000000
2944.000000 0.000000
2945.000000 0.000000
2946.000000 0.000000
2947.000000 0.000000
2948.000000 0.000000
2949.000000 0.000000
2950.000000 0.000000
2951.000000 0.000000
2952.000000 0.000000
2953.000000 0.000000
2954.000000 0.000000
2955.000000 0.000000
2956.000000 0.000000
2957.000000 0.000000
2958.000000 0.000000
2959.000000 0.000000
2960.000000 0.000000
2961.000000 0.000000
2962.000000 0.000000
2963.000000 0.000000
2964.000000 0.000000
2965.000000 0.000000
2966.000000 0.000000
2967.000000 0.000000
2968.000000 0.000000
2969.000000 0.000000
2970.000000 0.000000
2971.000000 0.000000
2972.000000 0.000000
2973.000000 0.000000
2974.000000 0.000000
2975.000000 0.000000
2976.000000 0.000000
2977.000000 0.000000
2978.000000 0.000000
2979.000000 0.000000
2980.000000 0.000000
2981.000000 0.000000
2982.000000 0.000000
2983.000000 0.000000
2984.000000 0.000000
2985.000000 0.000000
2986.000000 0.000000
2987.000000 0.000000
2988.000000 0.000000
2989.000000 0.000000
2990.000000 0.000000
2991.000000 0.000000
2992.000000 0.000000
2993.000000 0.000000
2994.000000 0.000000
2995.000000 0.000000
2996.000000 0.000000
2997.000000 0.000000
2998.000000 0.000000
2999.000000 0.000000
