0.000000 25.000000
1.000000 33.534941
2.000000 40.190828
3.000000 45.189347
4.000000 48.992137
5.000000 51.831678
6.000000 53.897101
7.000000 55.342239
8.000000 56.184212
9.000000 56.692476
10.000000 56.969258
11.000000 56.979404
12.000000 56.932544
13.000000 56.753515
14.000000 56.617037
15.000000 56.398822
16.000000 56.155252
17.000000 55.907053
18.000000 55.666985
19.000000 55.422256
20.000000 55.081348
21.000000 54.788333
22.000000 54.516398
23.000000 54.164096
24.000000 53.868580
25.000000 53.479800
26.000000 53.156482
27.000000 52.745917
28.000000 52.286250
29.000000 51.906351
30.000000 51.449956
31.000000 50.952565
32.000000 50.521189
33.000000 50.041810
34.000000 49.503973
35.000000 49.057623
36.000000 48.563073
37.000000 48.128032
38.000000 47.639020
39.000000 47.086080
40.000000 46.619781
41.000000 46.100940
42.000000 45.637726
43.000000 45.117257
44.000000 44.668500
45.000000 44.254120
46.000000 43.765406
47.000000 43.334647
48.000000 42.927190
49.000000 42.555184
50.000000 42.208216
51.000000 41.877990
52.000000 41.538287
53.000000 41.208148
54.000000 40.882775
55.000000 40.558512
56.000000 40.212900
57.000000 39.868146
58.000000 39.640695
59.000000 39.384435
60.000000 39.103356
61.000000 38.781112
62.000000 38.444727
63.000000 38.214374
64.000000 37.946795
65.000000 37.648309
66.000000 37.442847
67.000000 37.170513
68.000000 36.982627
69.000000 36.740720
70.000000 36.573435
71.000000 36.463031
72.000000 36.395225
73.000000 36.358627
74.000000 36.225648
75.000000 36.133791
76.000000 36.072471
77.000000 36.033296
78.000000 36.009779
79.000000 35.997027
80.000000 35.991441
81.000000 35.990293
82.000000 35.991470
83.000000 35.993424
84.000000 35.995092
85.000000 35.995805
86.000000 35.995196
87.000000 35.993117
88.000000 35.989578
89.000000 36.103226
90.000000 36.189586
91.000000 36.253849
92.000000 36.300275
93.000000 36.332355
94.000000 36.471485
95.000000 36.575354
96.000000 36.651001
97.000000 36.704351
98.000000 36.740299
99.000000 36.762830
100.000000 36.775137
101.000000 36.918195
102.000000 37.025558
103.000000 37.104932
104.000000 37.281057
105.000000 37.414235
106.000000 37.513366
107.000000 37.585571
108.000000 37.636703
109.000000 37.671661
110.000000 37.694442
111.000000 37.708382
112.000000 37.716302
113.000000 37.720464
114.000000 37.841145
115.000000 37.934973
116.000000 38.007822
117.000000 38.064322
118.000000 38.108097
119.000000 38.141975
120.000000 38.168156
121.000000 38.188493
122.000000 38.204634
123.000000 38.217953
124.000000 38.229542
125.000000 38.240234
126.000000 38.250628
127.000000 38.142596
128.000000 38.061035
129.000000 38.001087
130.000000 37.958740
131.000000 37.930681
132.000000 37.914176
133.000000 37.906970
134.000000 37.907062
135.000000 38.031148
136.000000 38.132998
137.000000 38.216307
138.000000 38.284115
139.000000 38.338959
140.000000 38.382979
141.000000 38.417990
142.000000 38.445688
143.000000 38.467722
144.000000 38.604110
145.000000 38.711468
146.000000 38.795817
147.000000 38.862019
148.000000 38.913979
149.000000 38.954812
150.000000 38.986988
151.000000 39.012605
152.000000 38.914977
153.000000 38.840290
154.000000 38.784769
155.000000 38.745280
156.000000 38.719185
157.000000 38.704254
158.000000 38.580044
159.000000 38.489424
160.000000 38.425688
161.000000 38.383242
162.000000 38.357485
163.000000 38.226138
164.000000 38.249377
165.000000 38.275031
166.000000 38.301835
167.000000 38.328742
168.000000 38.354958
169.000000 38.379928
170.000000 38.403161
171.000000 38.424317
172.000000 38.443339
173.000000 38.460350
174.000000 38.475575
175.000000 38.489282
176.000000 38.501754
177.000000 38.513260
178.000000 38.524040
179.000000 38.652845
180.000000 38.755206
181.000000 38.836258
182.000000 38.900172
183.000000 38.950331
184.000000 38.989479
185.000000 39.019837
186.000000 38.924811
187.000000 38.850813
188.000000 38.794365
189.000000 38.752636
190.000000 38.723282
191.000000 38.704329
192.000000 38.694099
193.000000 38.691003
194.000000 38.693478
195.000000 38.581565
196.000000 38.498690
197.000000 38.438858
198.000000 38.397222
199.000000 38.231586
200.000000 38.107581
201.000000 38.016899
202.000000 37.952689
203.000000 37.909229
204.000000 37.881824
205.000000 37.748144
206.000000 37.768181
207.000000 37.789553
208.000000 37.692413
209.000000 37.620414
210.000000 37.567877
211.000000 37.530323
212.000000 37.504100
213.000000 37.486315
214.000000 37.356308
215.000000 37.375565
216.000000 37.274451
217.000000 37.197357
218.000000 37.257676
219.000000 37.306652
220.000000 37.346018
221.000000 37.377115
222.000000 37.401053
223.000000 37.418772
224.000000 37.430962
225.000000 37.438338
226.000000 37.323190
227.000000 37.230988
228.000000 37.157494
229.000000 37.099305
230.000000 37.053660
231.000000 37.018306
232.000000 36.991388
233.000000 36.971227
234.000000 36.956224
235.000000 36.944967
236.000000 36.936276
237.000000 36.929205
238.000000 36.923027
239.000000 37.035749
240.000000 37.122360
241.000000 37.187619
242.000000 37.235456
243.000000 37.269118
244.000000 37.291290
245.000000 37.422729
246.000000 37.520771
247.000000 37.592244
248.000000 37.642798
249.000000 37.815341
250.000000 37.944846
251.000000 37.901815
252.000000 37.862224
253.000000 37.826248
254.000000 37.794039
255.000000 37.765660
256.000000 37.741237
257.000000 37.721000
258.000000 37.704949
259.000000 37.692758
260.000000 37.683927
261.000000 37.677895
262.000000 37.674100
263.000000 37.672022
264.000000 37.671205
265.000000 37.671264
266.000000 37.671886
267.000000 37.672831
268.000000 37.673920
269.000000 37.675025
270.000000 37.557524
271.000000 37.466005
272.000000 37.395444
273.000000 37.341769
274.000000 37.301674
275.000000 37.272482
276.000000 37.252020
277.000000 37.238379
278.000000 37.229809
279.000000 37.343346
280.000000 37.433124
281.000000 37.384641
282.000000 37.345882
283.000000 37.314647
284.000000 37.289215
285.000000 37.268259
286.000000 37.250907
287.000000 37.236703
288.000000 37.225257
289.000000 37.334632
290.000000 37.419707
291.000000 37.485038
292.000000 37.534313
293.000000 37.570525
294.000000 37.596115
295.000000 37.613084
296.000000 37.623220
297.000000 37.628197
298.000000 37.629473
299.000000 37.628258
300.000000 35.127232
301.000000 33.325217
302.000000 31.884053
303.000000 30.742545
304.000000 29.855646
305.000000 29.184979
306.000000 28.697791
307.000000 28.362993
308.000000 28.288335
309.000000 28.277627
310.000000 28.313262
311.000000 28.242452
312.000000 28.222573
313.000000 28.239299
314.000000 28.281893
315.000000 28.342751
316.000000 28.416835
317.000000 28.500960
318.000000 28.593069
319.000000 28.691777
320.000000 28.796229
321.000000 28.787421
322.000000 28.928340
323.000000 29.069327
324.000000 29.211390
325.000000 29.236866
326.000000 29.291136
327.000000 29.369816
328.000000 29.469186
329.000000 29.467606
330.000000 29.507289
331.000000 29.581310
332.000000 29.565363
333.000000 29.599183
334.000000 29.673676
335.000000 29.781397
336.000000 29.916128
337.000000 30.072607
338.000000 30.246458
339.000000 30.433936
340.000000 30.631758
341.000000 30.698817
342.000000 30.801469
343.000000 30.931874
344.000000 30.965113
345.000000 31.040756
346.000000 31.149875
347.000000 31.285376
348.000000 31.441468
349.000000 31.681768
350.000000 31.850404
351.000000 31.962878
352.000000 32.031595
353.000000 32.066570
354.000000 32.075945
355.000000 32.066380
356.000000 32.043421
357.000000 31.893115
358.000000 31.763710
359.000000 31.534376
360.000000 31.347616
361.000000 31.196414
362.000000 31.074796
363.000000 30.839371
364.000000 30.654391
365.000000 30.510003
366.000000 30.397834
367.000000 30.310767
368.000000 30.124358
369.000000 29.978453
370.000000 29.745523
371.000000 29.562784
372.000000 29.419237
373.000000 29.306070
374.000000 29.216287
375.000000 29.025698
376.000000 28.874332
377.000000 28.753376
378.000000 28.655601
379.000000 28.436902
380.000000 28.261454
381.000000 28.119893
382.000000 28.004641
383.000000 27.909519
384.000000 27.711035
385.000000 27.549936
386.000000 27.418038
387.000000 27.308597
388.000000 27.216176
389.000000 27.255006
390.000000 27.277091
391.000000 27.284712
392.000000 27.279673
393.000000 27.401795
394.000000 27.483682
395.000000 27.532397
396.000000 27.553976
397.000000 27.553658
398.000000 27.654445
399.000000 27.715434
400.000000 27.744879
401.000000 27.749728
402.000000 27.854248
403.000000 27.918425
404.000000 27.950929
405.000000 27.958838
406.000000 27.947980
407.000000 27.804506
408.000000 27.676763
409.000000 27.681310
410.000000 27.671949
411.000000 27.652351
412.000000 27.625379
413.000000 27.593217
414.000000 27.557342
415.000000 27.518610
416.000000 27.477651
417.000000 27.435064
418.000000 27.391365
419.000000 27.346969
420.000000 27.302198
421.000000 27.257286
422.000000 27.212395
423.000000 27.167631
424.000000 27.123054
425.000000 27.078691
426.000000 27.034545
427.000000 26.990604
428.000000 26.946848
429.000000 26.903249
430.000000 26.978324
431.000000 27.027406
432.000000 27.055473
433.000000 27.066574
434.000000 27.064001
435.000000 27.050436
436.000000 27.028058
437.000000 26.998788
438.000000 26.964392
439.000000 26.926386
440.000000 27.024310
441.000000 27.090392
442.000000 27.131195
443.000000 27.151985
444.000000 27.156975
445.000000 27.149519
446.000000 27.132283
447.000000 27.107553
448.000000 27.077378
449.000000 27.043484
450.000000 27.007258
451.000000 26.969764
452.000000 26.931783
453.000000 26.893856
454.000000 26.856332
455.000000 26.819413
456.000000 26.783186
457.000000 26.747663
458.000000 26.574507
459.000000 26.432390
460.000000 26.315395
461.000000 26.218684
462.000000 26.138312
463.000000 26.071060
464.000000 26.014306
465.000000 25.965747
466.000000 25.923275
467.000000 25.885086
468.000000 25.849704
469.000000 25.815979
470.000000 25.783050
471.000000 25.888602
472.000000 25.963482
473.000000 26.013274
474.000000 26.042600
475.000000 26.055282
476.000000 26.173026
477.000000 26.253807
478.000000 26.304952
479.000000 26.332681
480.000000 26.342163
481.000000 26.337620
482.000000 26.440987
483.000000 26.510463
484.000000 26.553470
485.000000 26.694578
486.000000 26.793978
487.000000 26.860482
488.000000 26.901128
489.000000 26.921663
490.000000 26.926843
491.000000 26.920516
492.000000 26.905873
493.000000 26.885603
494.000000 26.861856
495.000000 26.836272
496.000000 26.810043
497.000000 26.783985
498.000000 26.758613
499.000000 26.872512
500.000000 26.957051
501.000000 27.018060
502.000000 27.060011
503.000000 27.086533
504.000000 27.100582
505.000000 27.104565
506.000000 27.100616
507.000000 27.090715
508.000000 26.938281
509.000000 26.813477
510.000000 26.711588
511.000000 26.628711
512.000000 26.561598
513.000000 26.507517
514.000000 26.602471
515.000000 26.537302
516.000000 26.484575
517.000000 26.441420
518.000000 26.405454
519.000000 26.374749
520.000000 26.347790
521.000000 26.323585
522.000000 26.301470
523.000000 26.280840
524.000000 26.261192
525.000000 26.242123
526.000000 26.223336
527.000000 26.204618
528.000000 26.185828
529.000000 26.166882
530.000000 26.147737
531.000000 26.009839
532.000000 25.897839
533.000000 25.806756
534.000000 25.732552
535.000000 25.671949
536.000000 25.622284
537.000000 25.581396
538.000000 25.547380
539.000000 25.637028
540.000000 25.704201
541.000000 25.752665
542.000000 25.785527
543.000000 25.805373
544.000000 25.952678
545.000000 26.060541
546.000000 26.136508
547.000000 26.186987
548.000000 26.217325
549.000000 26.231919
550.000000 26.234343
551.000000 26.227640
552.000000 26.214464
553.000000 26.197005
554.000000 26.176992
555.000000 26.155727
556.000000 26.252685
557.000000 26.323856
558.000000 26.374631
559.000000 26.409281
560.000000 26.431185
561.000000 26.443017
562.000000 26.446889
563.000000 26.444619
564.000000 26.556393
565.000000 26.638969
566.000000 26.698474
567.000000 26.739847
568.000000 26.767042
569.000000 26.664662
570.000000 26.579829
571.000000 26.509644
572.000000 26.451886
573.000000 26.523320
574.000000 26.577828
575.000000 26.619141
576.000000 26.650059
577.000000 26.672574
578.000000 26.688136
579.000000 26.697841
580.000000 26.702700
581.000000 26.703741
582.000000 26.701913
583.000000 26.698034
584.000000 26.692781
585.000000 26.568147
586.000000 26.469175
587.000000 26.391161
588.000000 26.211696
589.000000 26.072235
590.000000 25.965153
591.000000 25.884217
592.000000 25.824186
593.000000 25.780579
594.000000 25.749653
595.000000 25.728198
596.000000 25.713436
597.000000 25.703080
598.000000 25.695338
599.000000 25.688861
600.000000 24.433548
601.000000 23.527799
602.000000 22.801873
603.000000 22.224783
604.000000 21.892367
605.000000 21.522218
606.000000 21.366199
607.000000 21.263315
608.000000 21.084143
609.000000 20.963211
610.000000 21.005301
611.000000 21.054659
612.000000 21.107511
613.000000 21.161195
614.000000 21.332671
615.000000 21.476377
616.000000 21.478254
617.000000 21.605551
618.000000 21.593871
619.000000 21.592192
620.000000 21.599260
621.000000 21.614334
622.000000 21.518541
623.000000 21.456207
624.000000 21.422022
625.000000 21.273277
626.000000 21.174897
627.000000 21.117785
628.000000 20.975899
629.000000 20.887563
630.000000 20.842396
631.000000 20.831852
632.000000 20.848792
633.000000 21.005752
634.000000 21.153176
635.000000 21.291986
636.000000 21.422846
637.000000 21.546346
638.000000 21.663092
639.000000 21.773718
640.000000 21.879023
641.000000 21.979957
642.000000 22.077440
643.000000 22.172264
644.000000 22.265073
645.000000 22.356404
646.000000 22.446715
647.000000 22.536379
648.000000 22.507144
649.000000 22.538084
650.000000 22.548372
651.000000 22.543418
652.000000 22.527546
653.000000 22.504203
654.000000 22.476120
655.000000 22.445304
656.000000 22.413163
657.000000 22.380718
658.000000 22.348654
659.000000 22.317398
660.000000 22.287167
661.000000 22.258031
662.000000 22.229958
663.000000 22.202855
664.000000 22.176594
665.000000 22.151030
666.000000 22.126021
667.000000 22.101436
668.000000 22.077159
669.000000 21.934553
670.000000 21.818178
671.000000 21.722975
672.000000 21.644831
673.000000 21.580407
674.000000 21.526987
675.000000 21.363830
676.000000 21.233641
677.000000 21.129650
678.000000 21.046270
679.000000 20.978952
680.000000 20.924033
681.000000 20.878595
682.000000 20.840194
683.000000 20.806718
684.000000 20.776437
685.000000 20.748001
686.000000 20.720407
687.000000 20.692944
688.000000 20.665145
689.000000 20.636728
690.000000 20.607553
691.000000 20.577583
692.000000 20.546849
693.000000 20.515423
694.000000 20.483402
695.000000 20.312590
696.000000 20.171839
697.000000 20.055408
698.000000 19.958633
699.000000 19.877721
700.000000 19.809586
701.000000 19.751717
702.000000 19.701894
703.000000 19.658075
704.000000 19.618498
705.000000 19.581719
706.000000 19.546608
707.000000 19.512312
708.000000 19.478221
709.000000 19.443925
710.000000 19.409175
711.000000 19.373838
712.000000 19.337869
713.000000 19.301285
714.000000 19.264137
715.000000 19.226501
716.000000 19.326755
717.000000 19.396237
718.000000 19.440857
719.000000 19.583966
720.000000 19.684839
721.000000 19.751664
722.000000 19.791097
723.000000 19.808723
724.000000 19.809317
725.000000 19.796855
726.000000 19.774723
727.000000 19.745832
728.000000 19.712556
729.000000 19.676746
730.000000 19.639780
731.000000 19.602632
732.000000 19.684489
733.000000 19.741097
734.000000 19.777648
735.000000 19.798259
736.000000 19.806199
737.000000 19.804056
738.000000 19.912430
739.000000 19.988466
740.000000 20.177088
741.000000 20.315009
742.000000 20.412503
743.000000 20.477887
744.000000 20.636411
745.000000 20.748968
746.000000 20.825186
747.000000 20.991627
748.000000 20.991819
749.000000 20.980865
750.000000 20.962179
751.000000 20.938540
752.000000 20.912237
753.000000 20.885045
754.000000 20.739853
755.000000 20.622340
756.000000 20.528045
757.000000 20.453093
758.000000 20.394134
759.000000 20.466830
760.000000 20.524085
761.000000 20.568669
762.000000 20.484039
763.000000 20.416342
764.000000 20.480319
765.000000 20.409730
766.000000 20.470471
767.000000 20.515396
768.000000 20.429088
769.000000 20.358670
770.000000 20.300997
771.000000 20.253581
772.000000 20.214424
773.000000 20.181933
774.000000 20.154960
775.000000 20.251036
776.000000 20.324520
777.000000 20.379502
778.000000 20.537815
779.000000 20.657497
780.000000 20.745744
781.000000 20.808443
782.000000 20.850572
783.000000 20.876416
784.000000 20.889580
785.000000 20.893181
786.000000 20.889945
787.000000 20.882131
788.000000 20.871527
789.000000 20.859489
790.000000 20.965534
791.000000 21.045690
792.000000 21.105372
793.000000 21.148876
794.000000 21.179601
795.000000 21.200230
796.000000 21.351181
797.000000 21.465531
798.000000 21.550762
799.000000 21.613015
800.000000 21.657282
801.000000 21.687632
802.000000 21.707290
803.000000 21.718968
804.000000 21.725026
805.000000 21.589105
806.000000 21.481472
807.000000 21.397431
808.000000 21.333046
809.000000 21.284990
810.000000 21.131907
811.000000 21.016045
812.000000 20.930207
813.000000 20.868235
814.000000 20.824968
815.000000 20.796158
816.000000 20.778366
817.000000 0.000000
818.000000 0.000000
819.000000 0.000000
820.000000 0.000000
821.000000 0.000000
822.000000 0.000000
823.000000 0.000000
824.000000 0.000000
825.000000 0.000000
826.000000 0.000000
827.000000 0.000000
828.000000 0.000000
829.000000 0.000000
830.000000 0.000000
831.000000 0.000000
832.000000 0.000000
833.000000 0.000000
834.000000 0.000000
835.000000 0.000000
836.000000 0.000000
837.000000 0.000000
838.000000 0.000000
839.000000 0.000000
840.000000 0.000000
841.000000 0.000000
842.000000 0.000000
843.000000 0.000000
844.000000 0.000000
845.000000 0.000000
846.000000 0.000000
847.000000 0.000000
848.000000 0.000000
849.000000 0.000000
850.000000 0.000000
851.000000 0.000000
852.000000 0.000000
853.000000 0.000000
854.000000 0.000000
855.000000 0.000000
856.000000 0.000000
857.000000 0.000000
858.000000 0.000000
859.000000 0.000000
860.000000 0.000000
861.000000 0.000000
862.000000 0.000000
863.000000 0.000000
864.000000 0.000000
865.000000 0.000000
866.000000 0.000000
867.000000 0.000000
868.000000 0.000000
869.000000 0.000000
870.000000 0.000000
871.000000 0.000000
872.000000 0.000000
873.000000 0.000000
874.000000 0.000000
875.000000 0.000000
876.000000 0.000000
877.000000 0.000000
878.000000 0.000000
879.000000 0.000000
880.000000 0.000000
881.000000 0.000000
882.000000 0.000000
883.000000 0.000000
884.000000 0.000000
885.000000 0.000000
886.000000 0.000000
887.000000 0.000000
888.000000 0.000000
889.000000 0.000000
890.000000 0.000000
891.000000 0.000000
892.000000 0.000000
893.000000 0.000000
894.000000 0.000000
895.000000 0.000000
896.000000 0.000000
897.000000 0.000000
898.000000 0.000000
899.000000 0.000000
900.000000 0.000000
901.000000 0.000000
902.000000 0.000000
903.000000 0.000000
904.000000 0.000000
905.000000 0.000000
906.000000 0.000000
907.000000 0.000000
908.000000 0.000000
909.000000 0.000000
910.000000 0.000000
911.000000 0.000000
912.000000 0.000000
913.000000 0.000000
914.000000 0.000000
915.000000 0.000000
916.000000 0.000000
917.000000 0.000000
918.000000 0.000000
919.000000 0.000000
920.000000 0.000000
921.000000 0.000000
922.000000 0.000000
923.000000 0.000000
924.000000 0.000000
925.000000 0.000000
926.000000 0.000000
927.000000 0.000000
928.000000 0.000000
929.000000 0.000000
930.000000 0.000000
931.000000 0.000000
932.000000 0.000000
933.000000 0.000000
934.000000 0.000000
935.000000 0.000000
936.000000 0.000000
937.000000 0.000000
938.000000 0.000000
939.000000 0.000000
940.000000 0.000000
941.000000 0.000000
942.000000 0.000000
943.000000 0.000000
944.000000 0.000000
945.000000 0.000000
946.000000 0.000000
947.000000 0.000000
948.000000 0.000000
949.000000 0.000000
950.000000 0.000000
951.000000 0.000000
952.000000 0.000000
953.000000 0.000000
954.000000 0.000000
955.000000 0.000000
956.000000 0.000000
957.000000 0.000000
958.000000 0.000000
959.000000 0.000000
960.000000 0.000000
961.000000 0.000000
962.000000 0.000000
963.000000 0.000000
964.000000 0.000000
965.000000 0.000000
966.000000 0.000000
967.000000 0.000000
968.000000 0.000000
969.000000 0.000000
970.000000 0.000000
971.000000 0.000000
972.000000 0.000000
973.000000 0.000000
974.000000 0.000000
975.000000 0.000000
976.000000 0.000000
977.000000 0.000000
978.000000 0.000000
979.000000 0.000000
980.000000 0.000000
981.000000 0.000000
982.000000 0.000000
983.000000 0.000000
984.000000 0.000000
985.000000 0.000000
986.000000 0.000000
987.000000 0.000000
988.000000 0.000000
989.000000 0.000000
990.000000 0.000000
991.000000 0.000000
992.000000 0.000000
993.000000 0.000000
994.000000 0.000000
995.000000 0.000000
996.000000 0.000000
997.000000 0.000000
998.000000 0.000000
999.000000 0.000000
1000.000000 0.000000
1001.000000 0.000000
1002.000000 0.000000
1003.000000 0.000000
1004.000000 0.000000
1005.000000 0.000000
1006.000000 0.000000
1007.000000 0.000000
1008.000000 0.000000
1009.000000 0.000000
1010.000000 0.000000
1011.000000 0.000000
1012.000000 0.000000
1013.000000 0.000000
1014.000000 0.000000
1015.000000 0.000000
1016.000000 0.000000
1017.000000 0.000000
1018.000000 0.000000
1019.000000 0.000000
1020.000000 0.000000
1021.000000 0.000000
1022.000000 0.000000
1023.000000 0.000000
1024.000000 0.000000
1025.000000 0.000000
1026.000000 0.000000
1027.000000 0.000000
1028.000000 0.000000
1029.000000 0.000000
1030.000000 0.000000
1031.000000 0.000000
1032.000000 0.000000
1033.000000 0.000000
1034.000000 0.000000
1035.000000 0.000000
1036.000000 0.000000
1037.000000 0.000000
1038.000000 0.000000
1039.000000 0.000000
1040.000000 0.000000
1041.000000 0.000000
1042.000000 0.000000
1043.000000 0.000000
1044.000000 0.000000
1045.000000 0.000000
1046.000000 0.000000
1047.000000 0.000000
1048.000000 0.000000
1049.000000 0.000000
1050.000000 0.000000
1051.000000 0.000000
1052.000000 0.000000
1053.000000 0.000000
1054.000000 0.000000
1055.000000 0.000000
1056.000000 0.000000
1057.000000 0.000000
1058.000000 0.000000
1059.000000 0.000000
1060.000000 0.000000
1061.000000 0.000000
1062.000000 0.000000
1063.000000 0.000000
1064.000000 0.000000
1065.000000 0.000000
1066.000000 0.000000
1067.000000 0.000000
1068.000000 0.000000
1069.000000 0.000000
1070.000000 0.000000
1071.000000 0.000000
1072.000000 0.000000
1073.000000 0.000000
1074.000000 0.000000
1075.000000 0.000000
1076.000000 0.000000
1077.000000 0.000000
1078.000000 0.000000
1079.000000 0.000000
1080.000000 0.000000
1081.000000 0.000000
1082.000000 0.000000
1083.000000 0.000000
1084.000000 0.000000
1085.000000 0.000000
1086.000000 0.000000
1087.000000 0.000000
1088.000000 0.000000
1089.000000 0.000000
1090.000000 0.000000
1091.000000 0.000000
1092.000000 0.000000
1093.000000 0.000000
1094.000000 0.000000
1095.000000 0.000000
1096.000000 0.000000
1097.000000 0.000000
1098.000000 0.000000
1099.000000 0.000000
1100.000000 0.000000
1101.000000 0.000000
1102.000000 0.000000
1103.000000 0.000000
1104.000000 0.000000
1105.000000 0.000000
1106.000000 0.000000
1107.000000 0.000000
1108.000000 0.000000
1109.000000 0.000000
1110.000000 0.000000
1111.000000 0.000000
1112.000000 0.000000
1113.000000 0.000000
1114.000000 0.000000
1115.000000 0.000000
1116.000000 0.000000
1117.000000 0.000000
1118.000000 0.000000
1119.000000 0.000000
1120.000000 0.000000
1121.000000 0.000000
1122.000000 0.000000
1123.000000 0.000000
1124.000000 0.000000
1125.000000 0.000000
1126.000000 0.000000
1127.000000 0.000000
1128.000000 0.000000
1129.000000 0.000000
1130.000000 0.000000
1131.000000 0.000000
1132.000000 0.000000
1133.000000 0.000000
1134.000000 0.000000
1135.000000 0.000000
1136.000000 0.000000
1137.000000 0.000000
1138.000000 0.000000
1139.000000 0.000000
1140.000000 0.000000
1141.000000 0.000000
1142.000000 0.000000
1143.000000 0.000000
1144.000000 0.000000
1145.000000 0.000000
1146.000000 0.000000
1147.000000 0.000000
1148.000000 0.000000
1149.000000 0.000000
1150.000000 0.000000
1151.000000 0.000000
1152.000000 0.000000
1153.000000 0.000000
1154.000000 0.000000
1155.000000 0.000000
1156.000000 0.000000
1157.000000 0.000000
1158.000000 0.000000
1159.000000 0.000000
1160.000000 0.000000
1161.000000 0.000000
1162.000000 0.000000
1163.000000 0.000000
1164.000000 0.000000
1165.000000 0.000000
1166.000000 0.000000
1167.000000 0.000000
1168.000000 0.000000
1169.000000 0.000000
1170.000000 0.000000
1171.000000 0.000000
1172.000000 0.000000
1173.000000 0.000000
1174.000000 0.000000
1175.000000 0.000000
1176.000000 0.000000
1177.000000 0.000000
1178.000000 0.000000
1179.000000 0.000000
1180.000000 0.000000
1181.000000 0.000000
1182.000000 0.000000
1183.000000 0.000000
1184.000000 0.000000
1185.000000 0.000000
1186.000000 0.000000
1187.000000 0.000000
1188.000000 0.000000
1189.000000 0.000000
1190.000000 0.000000
1191.000000 0.000000
1192.000000 0.000000
1193.000000 0.000000
1194.000000 0.000000
1195.000000 0.000000
1196.000000 0.000000
1197.000000 0.000000
1198.000000 0.000000
1199.000000 0.000000
1200.000000 0.000000
1201.000000 0.000000
1202.000000 0.000000
1203.000000 0.000000
1204.000000 0.000000
1205.000000 0.000000
1206.000000 0.000000
1207.000000 0.000000
1208.000000 0.000000
1209.000000 0.000000
1210.000000 0.000000
1211.000000 0.000000
1212.000000 0.000000
1213.000000 0.000000
1214.000000 0.000000
1215.000000 0.000000
1216.000000 0.000000
1217.000000 0.000000
1218.000000 0.000000
1219.000000 0.000000
1220.000000 0.000000
1221.000000 0.000000
1222.000000 0.000000
1223.000000 0.000000
1224.000000 0.000000
1225.000000 0.000000
1226.000000 0.000000
1227.000000 0.000000
1228.000000 0.000000
1229.000000 0.000000
1230.000000 0.000000
1231.000000 0.000000
1232.000000 0.000000
1233.000000 0.000000
1234.000000 0.000000
1235.000000 0.000000
1236.000000 0.000000
1237.000000 0.000000
1238.000000 0.000000
1239.000000 0.000000
1240.000000 0.000000
1241.000000 0.000000
1242.000000 0.000000
1243.000000 0.000000
1244.000000 0.000000
1245.000000 0.000000
1246.000000 0.000000
1247.000000 0.000000
1248.000000 0.000000
1249.000000 0.000000
1250.000000 0.000000
1251.000000 0.000000
1252.000000 0.000000
1253.000000 0.000000
1254.000000 0.000000
1255.000000 0.000000
1256.000000 0.000000
1257.000000 0.000000
1258.000000 0.000000
1259.000000 0.000000
1260.000000 0.000000
1261.000000 0.000000
1262.000000 0.000000
1263.000000 0.000000
1264.000000 0.000000
1265.000000 0.000000
1266.000000 0.000000
1267.000000 0.000000
1268.000000 0.000000
1269.000000 0.000000
1270.000000 0.000000
1271.000000 0.000000
1272.000000 0.000000
1273.000000 0.000000
1274.000000 0.000000
1275.000000 0.000000
1276.000000 0.000000
1277.000000 0.000000
1278.000000 0.000000
1279.000000 0.000000
1280.000000 0.000000
1281.000000 0.000000
1282.000000 0.000000
1283.000000 0.000000
1284.000000 0.000000
1285.000000 0.000000
1286.000000 0.000000
1287.000000 0.000000
1288.000000 0.000000
1289.000000 0.000000
1290.000000 0.000000
1291.000000 0.000000
1292.000000 0.000000
1293.000000 0.000000
1294.000000 0.000000
1295.000000 0.000000
1296.000000 0.000000
1297.000000 0.000000
1298.000000 0.000000
1299.000000 0.000000
1300.000000 0.000000
1301.000000 0.000000
1302.000000 0.000000
1303.000000 0.000000
1304.000000 0.000000
1305.000000 0.000000
1306.000000 0.000000
1307.000000 0.000000
1308.000000 0.000000
1309.000000 0.000000
1310.000000 0.000000
1311.000000 0.000000
1312.000000 0.000000
1313.000000 0.000000
1314.000000 0.000000
1315.000000 0.000000
1316.000000 0.000000
1317.000000 0.000000
1318.000000 0.000000
1319.000000 0.000000
1320.000000 0.000000
1321.000000 0.000000
1322.000000 0.000000
1323.000000 0.000000
1324.000000 0.000000
1325.000000 0.000000
1326.000000 0.000000
1327.000000 0.000000
1328.000000 0.000000
1329.000000 0.000000
1330.000000 0.000000
1331.000000 0.000000
1332.000000 0.000000
1333.000000 0.000000
1334.000000 0.000000
1335.000000 0.000000
1336.000000 0.000000
1337.000000 0.000000
1338.000000 0.000000
1339.000000 0.000000
1340.000000 0.000000
1341.000000 0.000000
1342.000000 0.000000
1343.000000 0.000000
1344.000000 0.000000
1345.000000 0.000000
1346.000000 0.000000
1347.000000 0.000000
1348.000000 0.000000
1349.000000 0.000000
1350.000000 0.000000
1351.000000 0.000000
1352.000000 0.000000
1353.000000 0.000000
1354.000000 0.000000
1355.000000 0.000000
1356.000000 0.000000
1357.000000 0.000000
1358.000000 0.000000
1359.000000 0.000000
1360.000000 0.000000
1361.000000 0.000000
1362.000000 0.000000
1363.000000 0.000000
1364.000000 0.000000
1365.000000 0.000000
1366.000000 0.000000
1367.000000 0.000000
1368.000000 0.000000
1369.000000 0.000000
1370.000000 0.000000
1371.000000 0.000000
1372.000000 0.000000
1373.000000 0.000000
1374.000000 0.000000
1375.000000 0.000000
1376.000000 0.000000
1377.000000 0.000000
1378.000000 0.000000
1379.000000 0.000000
1380.000000 0.000000
1381.000000 0.000000
1382.000000 0.000000
1383.000000 0.000000
1384.000000 0.000000
1385.000000 0.000000
1386.000000 0.000000
1387.000000 0.000000
1388.000000 0.000000
1389.000000 0.000000
1390.000000 0.000000
1391.000000 0.000000
1392.000000 0.000000
1393.000000 0.000000
1394.000000 0.000000
1395.000000 0.000000
1396.000000 0.000000
1397.000000 0.000000
1398.000000 0.000000
1399.000000 0.000000
1400.000000 0.000000
1401.000000 0.000000
1402.000000 0.000000
1403.000000 0.000000
1404.000000 0.000000
1405.000000 0.000000
1406.000000 0.000000
1407.000000 0.000000
1408.000000 0.000000
1409.000000 0.000000
1410.000000 0.000000
1411.000000 0.000000
1412.000000 0.000000
1413.000000 0.000000
1414.000000 0.000000
1415.000000 0.000000
1416.000000 0.000000
1417.000000 0.000000
1418.000000 0.000000
1419.000000 0.000000
1420.000000 0.000000
1421.000000 0.000000
1422.000000 0.000000
1423.000000 0.000000
1424.000000 0.000000
1425.000000 0.000000
1426.000000 0.000000
1427.000000 0.000000
1428.000000 0.000000
1429.000000 0.000000
1430.000000 0.000000
1431.000000 0.000000
1432.000000 0.000000
1433.000000 0.000000
1434.000000 0.000000
1435.000000 0.000000
1436.000000 0.000000
1437.000000 0.000000
1438.000000 0.000000
1439.000000 0.000000
1440.000000 0.000000
1441.000000 0.000000
1442.000000 0.000000
1443.000000 0.000000
1444.000000 0.000000
1445.000000 0.000000
1446.000000 0.000000
1447.000000 0.000000
1448.000000 0.000000
1449.000000 0.000000
1450.000000 0.000000
1451.000000 0.000000
1452.000000 0.000000
1453.000000 0.000000
1454.000000 0.000000
1455.000000 0.000000
1456.000000 0.000000
1457.000000 0.000000
1458.000000 0.000000
1459.000000 0.000000
1460.000000 0.000000
1461.000000 0.000000
1462.000000 0.000000
1463.000000 0.000000
1464.000000 0.000000
1465.000000 0.000000
1466.000000 0.000000
1467.000000 0.000000
1468.000000 0.000000
1469.000000 0.000000
1470.000000 0.000000
1471.000000 0.000000
1472.000000 0.000000
1473.000000 0.000000
1474.000000 0.000000
1475.000000 0.000000
1476.000000 0.000000
1477.000000 0.000000
1478.000000 0.000000
1479.000000 0.000000
1480.000000 0.000000
1481.000000 0.000000
1482.000000 0.000000
1483.000000 0.000000
1484.000000 0.000000
1485.000000 0.000000
1486.000000 0.000000
1487.000000 0.000000
1488.000000 0.000000
1489.000000 0.000000
1490.000000 0.000000
1491.000000 0.000000
1492.000000 0.000000
1493.000000 0.000000
1494.000000 0.000000
1495.000000 0.000000
1496.000000 0.000000
1497.000000 0.000000
1498.000000 0.000000
1499.000000 0.000000
1500.000000 0.000000
1501.000000 0.000000
1502.000000 0.000000
1503.000000 0.000000
1504.000000 0.000000
1505.000000 0.000000
1506.000000 0.000000
1507.000000 0.000000
1508.000000 0.000000
1509.000000 0.000000
1510.000000 0.000000
1511.000000 0.000000
1512.000000 0.000000
1513.000000 0.000000
1514.000000 0.000000
1515.000000 0.000000
1516.000000 0.000000
1517.000000 0.000000
1518.000000 0.000000
1519.000000 0.000000
1520.000000 0.000000
1521.000000 0.000000
1522.000000 0.000000
1523.000000 0.000000
1524.000000 0.000000
1525.000000 0.000000
1526.000000 0.000000
1527.000000 0.000000
1528.000000 0.000000
1529.000000 0.000000
1530.000000 0.000000
1531.000000 0.000000
1532.000000 0.000000
1533.000000 0.000000
1534.000000 0.000000
1535.000000 0.000000
1536.000000 0.000000
1537.000000 0.000000
1538.000000 0.000000
1539.000000 0.000000
1540.000000 0.000000
1541.000000 0.000000
1542.000000 0.000000
1543.000000 0.000000
1544.000000 0.000000
1545.000000 0.000000
1546.000000 0.000000
1547.000000 0.000000
1548.000000 0.000000
1549.000000 0.000000
1550.000000 0.000000
1551.000000 0.000000
1552.000000 0.000000
1553.000000 0.000000
1554.000000 0.000000
1555.000000 0.000000
1556.000000 0.000000
1557.000000 0.000000
1558.000000 0.000000
1559.000000 0.000000
1560.000000 0.000000
1561.000000 0.000000
1562.000000 0.000000
1563.000000 0.000000
1564.000000 0.000000
1565.000000 0.000000
1566.000000 0.000000
1567.000000 0.000000
1568.000000 0.000000
1569.000000 0.000000
1570.000000 0.000000
1571.000000 0.000000
1572.000000 0.000000
1573.000000 0.000000
1574.000000 0.000000
1575.000000 0.000000
1576.000000 0.000000
1577.000000 0.000000
1578.000000 0.000000
1579.000000 0.000000
1580.000000 0.000000
1581.000000 0.000000
1582.000000 0.000000
1583.000000 0.000000
1584.000000 0.000000
1585.000000 0.000000
1586.000000 0.000000
1587.000000 0.000000
1588.000000 0.000000
1589.000000 0.000000
1590.000000 0.000000
1591.000000 0.000000
1592.000000 0.000000
1593.000000 0.000000
1594.000000 0.000000
1595.000000 0.000000
1596.000000 0.000000
1597.000000 0.000000
1598.000000 0.000000
1599.000000 0.000000
1600.000000 0.000000
1601.000000 0.000000
1602.000000 0.000000
1603.000000 0.000000
1604.000000 0.000000
1605.000000 0.000000
1606.000000 0.000000
1607.000000 0.000000
1608.000000 0.000000
1609.000000 0.000000
1610.000000 0.000000
1611.000000 0.000000
1612.000000 0.000000
1613.000000 0.000000
1614.000000 0.000000
1615.000000 0.000000
1616.000000 0.000000
1617.000000 0.000000
1618.000000 0.000000
1619.000000 0.000000
1620.000000 0.000000
1621.000000 0.000000
1622.000000 0.000000
1623.000000 0.000000
1624.000000 0.000000
1625.000000 0.000000
1626.000000 0.000000
1627.000000 0.000000
1628.000000 0.000000
1629.000000 0.000000
1630.000000 0.000000
1631.000000 0.000000
1632.000000 0.000000
1633.000000 0.000000
1634.000000 0.000000
1635.000000 0.000000
1636.000000 0.000000
1637.000000 0.000000
1638.000000 0.000000
1639.000000 0.000000
1640.000000 0.000000
1641.000000 0.000000
1642.000000 0.000000
1643.000000 0.000000
1644.000000 0.000000
1645.000000 0.000000
1646.000000 0.000000
1647.000000 0.000000
1648.000000 0.000000
1649.000000 0.000000
1650.000000 0.000000
1651.000000 0.000000
1652.000000 0.000000
1653.000000 0.000000
1654.000000 0.000000
1655.000000 0.000000
1656.000000 0.000000
1657.000000 0.000000
1658.000000 0.000000
1659.000000 0.000000
1660.000000 0.000000
1661.000000 0.000000
1662.000000 0.000000
1663.000000 0.000000
1664.000000 0.000000
1665.000000 0.000000
1666.000000 0.000000
1667.000000 0.000000
1668.000000 0.000000
1669.000000 0.000000
1670.000000 0.000000
1671.000000 0.000000
1672.000000 0.000000
1673.000000 0.000000
1674.000000 0.000000
1675.000000 0.000000
1676.000000 0.000000
1677.000000 0.000000
1678.000000 0.000000
1679.000000 0.000000
1680.000000 0.000000
1681.000000 0.000000
1682.000000 0.000000
1683.000000 0.000000
1684.000000 0.000000
1685.000000 0.000000
1686.000000 0.000000
1687.000000 0.000000
1688.000000 0.000000
1689.000000 0.000000
1690.000000 0.000000
1691.000000 0.000000
1692.000000 0.000000
1693.000000 0.000000
1694.000000 0.000000
1695.000000 0.000000
1696.000000 0.000000
1697.000000 0.000000
1698.000000 0.000000
1699.000000 0.000000
1700.000000 0.000000
1701.000000 0.000000
1702.000000 0.000000
1703.000000 0.000000
1704.000000 0.000000
1705.000000 0.000000
1706.000000 0.000000
1707.000000 0.000000
1708.000000 0.000000
1709.000000 0.000000
1710.000000 0.000000
1711.000000 0.000000
1712.000000 0.000000
1713.000000 0.000000
1714.000000 0.000000
1715.000000 0.000000
1716.000000 0.000000
1717.000000 0.000000
1718.000000 0.000000
1719.000000 0.000000
1720.000000 0.000000
1721.000000 0.000000
1722.000000 0.000000
1723.000000 0.000000
1724.000000 0.000000
1725.000000 0.000000
1726.000000 0.000000
1727.000000 0.000000
1728.000000 0.000000
1729.000000 0.000000
1730.000000 0.000000
1731.000000 0.000000
1732.000000 0.000000
1733.000000 0.000000
1734.000000 0.000000
1735.000000 0.000000
1736.000000 0.000000
1737.000000 0.000000
1738.000000 0.000000
1739.000000 0.000000
1740.000000 0.000000
1741.000000 0.000000
1742.000000 0.000000
1743.000000 0.000000
1744.000000 0.000000
1745.000000 0.000000
1746.000000 0.000000
1747.000000 0.000000
1748.000000 0.000000
1749.000000 0.000000
1750.000000 0.000000
1751.000000 0.000000
1752.000000 0.000000
1753.000000 0.000000
1754.000000 0.000000
1755.000000 0.000000
1756.000000 0.000000
1757.000000 0.000000
1758.000000 0.000000
1759.000000 0.000000
1760.000000 0.000000
1761.000000 0.000000
1762.000000 0.000000
1763.000000 0.000000
1764.000000 0.000000
1765.000000 0.000000
1766.000000 0.000000
1767.000000 0.000000
1768.000000 0.000000
1769.000000 0.000000
1770.000000 0.000000
1771.000000 0.000000
1772.000000 0.000000
1773.000000 0.000000
1774.000000 0.000000
1775.000000 0.000000
1776.000000 0.000000
1777.000000 0.000000
1778.000000 0.000000
1779.000000 0.000000
1780.000000 0.000000
1781.000000 0.000000
1782.000000 0.000000
1783.000000 0.000000
1784.000000 0.000000
1785.000000 0.000000
1786.000000 0.000000
1787.000000 0.000000
1788.000000 0.000000
1789.000000 0.000000
1790.000000 0.000000
1791.000000 0.000000
1792.000000 0.000000
1793.000000 0.000000
1794.000000 0.000000
1795.000000 0.000000
1796.000000 0.000000
1797.000000 0.000000
1798.000000 0.000000
1799.000000 0.000000
1800.000000 0.000000
1801.000000 0.000000
1802.000000 0.000000
1803.000000 0.000000
1804.000000 0.000000
1805.000000 0.000000
1806.000000 0.000000
1807.000000 0.000000
1808.000000 0.000000
1809.000000 0.000000
1810.000000 0.000000
1811.000000 0.000000
1812.000000 0.000000
1813.000000 0.000000
1814.000000 0.000000
1815.000000 0.000000
1816.000000 0.000000
1817.000000 0.000000
1818.000000 0.000000
1819.000000 0.000000
1820.000000 0.000000
1821.000000 0.000000
1822.000000 0.000000
1823.000000 0.000000
1824.000000 0.000000
1825.000000 0.000000
1826.000000 0.000000
1827.000000 0.000000
1828.000000 0.000000
1829.000000 0.000000
1830.000000 0.000000
1831.000000 0.000000
1832.000000 0.000000
1833.000000 0.000000
1834.000000 0.000000
1835.000000 0.000000
1836.000000 0.000000
1837.000000 0.000000
1838.000000 0.000000
1839.000000 0.000000
1840.000000 0.000000
1841.000000 0.000000
1842.000000 0.000000
1843.000000 0.000000
1844.000000 0.000000
1845.000000 0.000000
1846.000000 0.000000
1847.000000 0.000000
1848.000000 0.000000
1849.000000 0.000000
1850.000000 0.000000
1851.000000 0.000000
1852.000000 0.000000
1853.000000 0.000000
1854.000000 0.000000
1855.000000 0.000000
1856.000000 0.000000
1857.000000 0.000000
1858.000000 0.000000
1859.000000 0.000000
1860.000000 0.000000
1861.000000 0.000000
1862.000000 0.000000
1863.000000 0.000000
1864.000000 0.000000
1865.000000 0.000000
1866.000000 0.000000
1867.000000 0.000000
1868.000000 0.000000
1869.000000 0.000000
1870.000000 0.000000
1871.000000 0.000000
1872.000000 0.000000
1873.000000 0.000000
1874.000000 0.000000
1875.000000 0.000000
1876.000000 0.000000
1877.000000 0.000000
1878.000000 0.000000
1879.000000 0.000000
1880.000000 0.000000
1881.000000 0.000000
1882.000000 0.000000
1883.000000 0.000000
1884.000000 0.000000
1885.000000 0.000000
1886.000000 0.000000
1887.000000 0.000000
1888.000000 0.000000
1889.000000 0.000000
1890.000000 0.000000
1891.000000 0.000000
1892.000000 0.000000
1893.000000 0.000000
1894.000000 0.000000
1895.000000 0.000000
1896.000000 0.000000
1897.000000 0.000000
1898.000000 0.000000
1899.000000 0.000000
1900.000000 0.000000
1901.000000 0.000000
1902.000000 0.000000
1903.000000 0.000000
1904.000000 0.000000
1905.000000 0.000000
1906.000000 0.000000
1907.000000 0.000000
1908.000000 0.000000
1909.000000 0.000000
1910.000000 0.000000
1911.000000 0.000000
1912.000000 0.000000
1913.000000 0.000000
1914.000000 0.000000
1915.000000 0.000000
1916.000000 0.000000
1917.000000 0.000000
1918.000000 0.000000
1919.000000 0.000000
1920.000000 0.000000
1921.000000 0.000000
1922.000000 0.000000
1923.000000 0.000000
1924.000000 0.000000
1925.000000 0.000000
1926.000000 0.000000
1927.000000 0.000000
1928.000000 0.000000
1929.000000 0.000000
1930.000000 0.000000
1931.000000 0.000000
1932.000000 0.000000
1933.000000 0.000000
1934.000000 0.000000
1935.000000 0.000000
1936.000000 0.000000
1937.000000 0.000000
1938.000000 0.000000
1939.000000 0.000000
1940.000000 0.000000
1941.000000 0.000000
1942.000000 0.000000
1943.000000 0.000000
1944.000000 0.000000
1945.000000 0.000000
1946.000000 0.000000
1947.000000 0.000000
1948.000000 0.000000
1949.000000 0.000000
1950.000000 0.000000
1951.000000 0.000000
1952.000000 0.000000
1953.000000 0.000000
1954.000000 0.000000
1955.000000 0.000000
1956.000000 0.000000
1957.000000 0.000000
1958.000000 0.000000
1959.000000 0.000000
1960.000000 0.000000
1961.000000 0.000000
1962.000000 0.000000
1963.000000 0.000000
1964.000000 0.000000
1965.000000 0.000000
1966.000000 0.000000
1967.000000 0.000000
1968.000000 0.000000
1969.000000 0.000000
1970.000000 0.000000
1971.000000 0.000000
1972.000000 0.000000
1973.000000 0.000000
1974.000000 0.000000
1975.000000 0.000000
1976.000000 0.000000
1977.000000 0.000000
1978.000000 0.000000
1979.000000 0.000000
1980.000000 0.000000
1981.000000 0.000000
1982.000000 0.000000
1983.000000 0.000000
1984.000000 0.000000
1985.000000 0.000000
1986.000000 0.000000
1987.000000 0.000000
1988.000000 0.000000
1989.000000 0.000000
1990.000000 0.000000
1991.000000 0.000000
1992.000000 0.000000
1993.000000 0.000000
1994.000000 0.000000
1995.000000 0.000000
1996.000000 0.000000
1997.000000 0.000000
1998.000000 0.000000
1999.000000 0.000000
2000.000000 0.000000
2001.000000 0.000000
2002.000000 0.000000
2003.000000 0.000000
2004.000000 0.000000
2005.000000 0.000000
2006.000000 0.000000
2007.000000 0.000000
2008.000000 0.000000
2009.000000 0.000000
2010.000000 0.000000
2011.000000 0.000000
2012.000000 0.000000
2013.000000 0.000000
2014.000000 0.000000
2015.000000 0.000000
2016.000000 0.000000
2017.000000 0.000000
2018.000000 0.000000
2019.000000 0.000000
2020.000000 0.000000
2021.000000 0.000000
2022.000000 0.000000
2023.000000 0.000000
2024.000000 0.000000
2025.000000 0.000000
2026.000000 0.000000
2027.000000 0.000000
2028.000000 0.000000
2029.000000 0.000000
2030.000000 0.000000
2031.000000 0.000000
2032.000000 0.000000
2033.000000 0.000000
2034.000000 0.000000
2035.000000 0.000000
2036.000000 0.000000
2037.000000 0.000000
2038.000000 0.000000
2039.000000 0.000000
2040.000000 0.000000
2041.000000 0.000000
2042.000000 0.000000
2043.000000 0.000000
2044.000000 0.000000
2045.000000 0.000000
2046.000000 0.000000
2047.000000 0.000000
2048.000000 0.000000
2049.000000 0.000000
2050.000000 0.000000
2051.000000 0.000000
2052.000000 0.000000
2053.000000 0.000000
2054.000000 0.000000
2055.000000 0.000000
2056.000000 0.000000
2057.000000 0.000000
2058.000000 0.000000
2059.000000 0.000000
2060.000000 0.000000
2061.000000 0.000000
2062.000000 0.000000
2063.000000 0.000000
2064.000000 0.000000
2065.000000 0.000000
2066.000000 0.000000
2067.000000 0.000000
2068.000000 0.000000
2069.000000 0.000000
2070.000000 0.000000
2071.000000 0.000000
2072.000000 0.000000
2073.000000 0.000000
2074.000000 0.000000
2075.000000 0.000000
2076.000000 0.000000
2077.000000 0.000000
2078.000000 0.000000
2079.000000 0.000000
2080.000000 0.000000
2081.000000 0.000000
2082.000000 0.000000
2083.000000 0.000000
2084.000000 0.000000
2085.000000 0.000000
2086.000000 0.000000
2087.000000 0.000000
2088.000000 0.000000
2089.000000 0.000000
2090.000000 0.000000
2091.000000 0.000000
2092.000000 0.000000
2093.000000 0.000000
2094.000000 0.000000
2095.000000 0.000000
2096.000000 0.000000
2097.000000 0.000000
2098.000000 0.000000
2099.000000 0.000000
2100.000000 0.000000
2101.000000 0.000000
2102.000000 0.000000
2103.000000 0.000000
2104.000000 0.000000
2105.000000 0.000000
2106.000000 0.000000
2107.000000 0.000000
2108.000000 0.000000
2109.000000 0.000000
2110.000000 0.000000
2111.000000 0.000000
2112.000000 0.000000
2113.000000 0.000000
2114.000000 0.000000
2115.000000 0.000000
2116.000000 0.000000
2117.000000 0.000000
2118.000000 0.000000
2119.000000 0.000000
2120.000000 0.000000
2121.000000 0.000000
2122.000000 0.000000
2123.000000 0.000000
2124.000000 0.000000
2125.000000 0.000000
2126.000000 0.000000
2127.000000 0.000000
2128.000000 0.000000
2129.000000 0.000000
2130.000000 0.000000
2131.000000 0.000000
2132.000000 0.000000
2133.000000 0.000000
2134.000000 0.000000
2135.000000 0.000000
2136.000000 0.000000
2137.000000 0.000000
2138.000000 0.000000
2139.000000 0.000000
2140.000000 0.000000
2141.000000 0.000000
2142.000000 0.000000
2143.000000 0.000000
2144.000000 0.000000
2145.000000 0.000000
2146.000000 0.000000
2147.000000 0.000000
2148.000000 0.000000
2149.000000 0.000000
2150.000000 0.000000
2151.000000 0.000000
2152.000000 0.000000
2153.000000 0.000000
2154.000000 0.000000
2155.000000 0.000000
2156.000000 0.000000
2157.000000 0.000000
2158.000000 0.000000
2159.000000 0.000000
2160.000000 0.000000
2161.000000 0.000000
2162.000000 0.000000
2163.000000 0.000000
2164.000000 0.000000
2165.000000 0.000000
2166.000000 0.000000
2167.000000 0.000000
2168.000000 0.000000
2169.000000 0.000000
2170.000000 0.000000
2171.000000 0.000000
2172.000000 0.000000
2173.000000 0.000000
2174.000000 0.000000
2175.000000 0.000000
2176.000000 0.000000
2177.000000 0.000000
2178.000000 0.000000
2179.000000 0.000000
2180.000000 0.000000
2181.000000 0.000000
2182.000000 0.000000
2183.000000 0.000000
2184.000000 0.000000
2185.000000 0.000000
2186.000000 0.000000
2187.000000 0.000000
2188.000000 0.000000
2189.000000 0.000000
2190.000000 0.000000
2191.000000 0.000000
2192.000000 0.000000
2193.000000 0.000000
2194.000000 0.000000
2195.000000 0.000000
2196.000000 0.000000
2197.000000 0.000000
2198.000000 0.000000
2199.000000 0.000000
2200.000000 0.000000
2201.000000 0.000000
2202.000000 0.000000
2203.000000 0.000000
2204.000000 0.000000
2205.000000 0.000000
2206.000000 0.000000
2207.000000 0.000000
2208.000000 0.000000
2209.000000 0.000000
2210.000000 0.000000
2211.000000 0.000000
2212.000000 0.000000
2213.000000 0.000000
2214.000000 0.000000
2215.000000 0.000000
2216.000000 0.000000
2217.000000 0.000000
2218.000000 0.000000
2219.000000 0.000000
2220.000000 0.000000
2221.000000 0.000000
2222.000000 0.000000
2223.000000 0.000000
2224.000000 0.000000
2225.000000 0.000000
2226.000000 0.000000
2227.000000 0.000000
2228.000000 0.000000
2229.000000 0.000000
2230.000000 0.000000
2231.000000 0.000000
2232.000000 0.000000
2233.000000 0.000000
2234.000000 0.000000
2235.000000 0.000000
2236.000000 0.000000
2237.000000 0.000000
2238.000000 0.000000
2239.000000 0.000000
2240.000000 0.000000
2241.000000 0.000000
2242.000000 0.000000
2243.000000 0.000000
2244.000000 0.000000
2245.000000 0.000000
2246.000000 0.000000
2247.000000 0.000000
2248.000000 0.000000
2249.000000 0.000000
2250.000000 0.000000
2251.000000 0.000000
2252.000000 0.000000
2253.000000 0.000000
2254.000000 0.000000
2255.000000 0.000000
2256.000000 0.000000
2257.000000 0.000000
2258.000000 0.000000
2259.000000 0.000000
2260.000000 0.000000
2261.000000 0.000000
2262.000000 0.000000
2263.000000 0.000000
2264.000000 0.000000
2265.000000 0.000000
2266.000000 0.000000
2267.000000 0.000000
2268.000000 0.000000
2269.000000 0.000000
2270.000000 0.000000
2271.000000 0.000000
2272.000000 0.000000
2273.000000 0.000000
2274.000000 0.000000
2275.000000 0.000000
2276.000000 0.000000
2277.000000 0.000000
2278.000000 0.000000
2279.000000 0.000000
2280.000000 0.000000
2281.000000 0.000000
2282.000000 0.000000
2283.000000 0.000000
2284.000000 0.000000
2285.000000 0.000000
2286.000000 0.000000
2287.000000 0.000000
2288.000000 0.000000
2289.000000 0.000000
2290.000000 0.000000
2291.000000 0.000000
2292.000000 0.000000
2293.000000 0.000000
2294.000000 0.000000
2295.000000 0.000000
2296.000000 0.000000
2297.000000 0.000000
2298.000000 0.000000
2299.000000 0.000000
2300.000000 0.000000
2301.000000 0.000000
2302.000000 0.000000
2303.000000 0.000000
2304.000000 0.000000
2305.000000 0.000000
2306.000000 0.000000
2307.000000 0.000000
2308.000000 0.000000
2309.000000 0.000000
2310.000000 0.000000
2311.000000 0.000000
2312.000000 0.000000
2313.000000 0.000000
2314.000000 0.000000
2315.000000 0.000000
2316.000000 0.000000
2317.000000 0.000000
2318.000000 0.000000
2319.000000 0.000000
2320.000000 0.000000
2321.000000 0.000000
2322.000000 0.000000
2323.000000 0.000000
2324.000000 0.000000
2325.000000 0.000000
2326.000000 0.000000
2327.000000 0.000000
2328.000000 0.000000
2329.000000 0.000000
2330.000000 0.000000
2331.000000 0.000000
2332.000000 0.000000
2333.000000 0.000000
2334.000000 0.000000
2335.000000 0.000000
2336.000000 0.000000
2337.000000 0.000000
2338.000000 0.000000
2339.000000 0.000000
2340.000000 0.000000
2341.000000 0.000000
2342.000000 0.000000
2343.000000 0.000000
2344.000000 0.000000
2345.000000 0.000000
2346.000000 0.000000
2347.000000 0.000000
2348.000000 0.000000
2349.000000 0.000000
2350.000000 0.000000
2351.000000 0.000000
2352.000000 0.000000
2353.000000 0.000000
2354.000000 0.000000
2355.000000 0.000000
2356.000000 0.000000
2357.000000 0.000000
2358.000000 0.000000
2359.000000 0.000000
2360.000000 0.000000
2361.000000 0.000000
2362.000000 0.000000
2363.000000 0.000000
2364.000000 0.000000
2365.000000 0.000000
2366.000000 0.000000
2367.000000 0.000000
2368.000000 0.000000
2369.000000 0.000000
2370.000000 0.000000
2371.000000 0.000000
2372.000000 0.000000
2373.000000 0.000000
2374.000000 0.000000
2375.000000 0.000000
2376.000000 0.000000
2377.000000 0.000000
2378.000000 0.000000
2379.000000 0.000000
2380.000000 0.000000
2381.000000 0.000000
2382.000000 0.000000
2383.000000 0.000000
2384.000000 0.000000
2385.000000 0.000000
2386.000000 0.000000
2387.000000 0.000000
2388.000000 0.000000
2389.000000 0.000000
2390.000000 0.000000
2391.000000 0.000000
2392.000000 0.000000
2393.000000 0.000000
2394.000000 0.000000
2395.000000 0.000000
2396.000000 0.000000
2397.000000 0.000000
2398.000000 0.000000
2399.000000 0.000000
2400.000000 0.000000
2401.000000 0.000000
2402.000000 0.000000
2403.000000 0.000000
2404.000000 0.000000
2405.000000 0.000000
2406.000000 0.000000
2407.000000 0.000000
2408.000000 0.000000
2409.000000 0.000000
2410.000000 0.000000
2411.000000 0.000000
2412.000000 0.000000
2413.000000 0.000000
2414.000000 0.000000
2415.000000 0.000000
2416.000000 0.000000
2417.000000 0.000000
2418.000000 0.000000
2419.000000 0.000000
2420.000000 0.000000
2421.000000 0.000000
2422.000000 0.000000
2423.000000 0.000000
2424.000000 0.000000
2425.000000 0.000000
2426.000000 0.000000
2427.000000 0.000000
2428.000000 0.000000
2429.000000 0.000000
2430.000000 0.000000
2431.000000 0.000000
2432.000000 0.000000
2433.000000 0.000000
2434.000000 0.000000
2435.000000 0.000000
2436.000000 0.000000
2437.000000 0.000000
2438.000000 0.000000
2439.000000 0.000000
2440.000000 0.000000
2441.000000 0.000000
2442.000000 0.000000
2443.000000 0.000000
2444.000000 0.000000
2445.000000 0.000000
2446.000000 0.000000
2447.000000 0.000000
2448.000000 0.000000
2449.000000 0.000000
2450.000000 0.000000
2451.000000 0.000000
2452.000000 0.000000
2453.000000 0.000000
2454.000000 0.000000
2455.000000 0.000000
2456.000000 0.000000
2457.000000 0.000000
2458.000000 0.000000
2459.000000 0.000000
2460.000000 0.000000
2461.000000 0.000000
2462.000000 0.000000
2463.000000 0.000000
2464.000000 0.000000
2465.000000 0.000000
2466.000000 0.000000
2467.000000 0.000000
2468.000000 0.000000
2469.000000 0.000000
2470.000000 0.000000
2471.000000 0.000000
2472.000000 0.000000
2473.000000 0.000000
2474.000000 0.000000
2475.000000 0.000000
2476.000000 0.000000
2477.000000 0.000000
2478.000000 0.000000
2479.000000 0.000000
2480.000000 0.000000
2481.000000 0.000000
2482.000000 0.000000
2483.000000 0.000000
2484.000000 0.000000
2485.000000 0.000000
2486.000000 0.000000
2487.000000 0.000000
2488.000000 0.000000
2489.000000 0.000000
2490.000000 0.000000
2491.000000 0.000000
2492.000000 0.000000
2493.000000 0.000000
2494.000000 0.000000
2495.000000 0.000000
2496.000000 0.000000
2497.000000 0.000000
2498.000000 0.000000
2499.000000 0.000000
2500.000000 0.000000
2501.000000 0.000000
2502.000000 0.000000
2503.000000 0.000000
2504.000000 0.000000
2505.000000 0.000000
2506.000000 0.000000
2507.000000 0.000000
2508.000000 0.000000
2509.000000 0.000000
2510.000000 0.000000
2511.000000 0.000000
2512.000000 0.000000
2513.000000 0.000000
2514.000000 0.000000
2515.000000 0.000000
2516.000000 0.000000
2517.000000 0.000000
2518.000000 0.000000
2519.000000 0.000000
2520.000000 0.000000
2521.000000 0.000000
2522.000000 0.000000
2523.000000 0.000000
2524.000000 0.000000
2525.000000 0.000000
2526.000000 0.000000
2527.000000 0.000000
2528.000000 0.000000
2529.000000 0.000000
2530.000000 0.000000
2531.000000 0.000000
2532.000000 0.000000
2533.000000 0.000000
2534.000000 0.000000
2535.000000 0.000000
2536.000000 0.000000
2537.000000 0.000000
2538.000000 0.000000
2539.000000 0.000000
2540.000000 0.000000
2541.000000 0.000000
2542.000000 0.000000
2543.000000 0.000000
2544.000000 0.000000
2545.000000 0.000000
2546.000000 0.000000
2547.000000 0.000000
2548.000000 0.000000
2549.000000 0.000000
2550.000000 0.000000
2551.000000 0.000000
2552.000000 0.000000
2553.000000 0.000000
2554.000000 0.000000
2555.000000 0.000000
2556.000000 0.000000
2557.000000 0.000000
2558.000000 0.000000
2559.000000 0.000000
2560.000000 0.000000
2561.000000 0.000000
2562.000000 0.000000
2563.000000 0.000000
2564.000000 0.000000
2565.000000 0.000000
2566.000000 0.000000
2567.000000 0.000000
2568.000000 0.000000
2569.000000 0.000000
2570.000000 0.000000
2571.000000 0.000000
2572.000000 0.000000
2573.000000 0.000000
2574.000000 0.000000
2575.000000 0.000000
2576.000000 0.000000
2577.000000 0.000000
2578.000000 0.000000
2579.000000 0.000000
2580.000000 0.000000
2581.000000 0.000000
2582.000000 0.000000
2583.000000 0.000000
2584.000000 0.000000
2585.000000 0.000000
2586.000000 0.000000
2587.000000 0.000000
2588.000000 0.000000
2589.000000 0.000000
2590.000000 0.000000
2591.000000 0.000000
2592.000000 0.000000
2593.000000 0.000000
2594.000000 0.000000
2595.000000 0.000000
2596.000000 0.000000
2597.000000 0.000000
2598.000000 0.000000
2599.000000 0.000000
2600.000000 0.000000
2601.000000 0.000000
2602.000000 0.000000
2603.000000 0.000000
2604.000000 0.000000
2605.000000 0.000000
2606.000000 0.000000
2607.000000 0.000000
2608.000000 0.000000
2609.000000 0.000000
2610.000000 0.000000
2611.000000 0.000000
2612.000000 0.000000
2613.000000 0.000000
2614.000000 0.000000
2615.000000 0.000000
2616.000000 0.000000
2617.000000 0.000000
2618.000000 0.000000
2619.000000 0.000000
2620.000000 0.000000
2621.000000 0.000000
2622.000000 0.000000
2623.000000 0.000000
2624.000000 0.000000
2625.000000 0.000000
2626.000000 0.000000
2627.000000 0.000000
2628.000000 0.000000
2629.000000 0.000000
2630.000000 0.000000
2631.000000 0.000000
2632.000000 0.000000
2633.000000 0.000000
2634.000000 0.000000
2635.000000 0.000000
2636.000000 0.000000
2637.000000 0.000000
2638.000000 0.000000
2639.000000 0.000000
2640.000000 0.000000
2641.000000 0.000000
2642.000000 0.000000
2643.000000 0.000000
2644.000000 0.000000
2645.000000 0.000000
2646.000000 0.000000
2647.000000 0.000000
2648.000000 0.000000
2649.000000 0.000000
2650.000000 0.000000
2651.000000 0.000000
2652.000000 0.000000
2653.000000 0.000000
2654.000000 0.000000
2655.000000 0.000000
2656.000000 0.000000
2657.000000 0.000000
2658.000000 0.000000
2659.000000 0.000000
2660.000000 0.000000
2661.000000 0.000000
2662.000000 0.000000
2663.000000 0.000000
2664.000000 0.000000
2665.000000 0.000000
2666.000000 0.000000
2667.000000 0.000000
2668.000000 0.000000
2669.000000 0.000000
2670.000000 0.000000
2671.000000 0.000000
2672.000000 0.000000
2673.000000 0.000000
2674.000000 0.000000
2675.000000 0.000000
2676.000000 0.000000
2677.000000 0.000000
2678.000000 0.000000
2679.000000 0.000000
2680.000000 0.000000
2681.000000 0.000000
2682.000000 0.000000
2683.000000 0.000000
2684.000000 0.000000
2685.000000 0.000000
2686.000000 0.000000
2687.000000 0.000000
2688.000000 0.000000
2689.000000 0.000000
2690.000000 0.000000
2691.000000 0.000000
2692.000000 0.000000
2693.000000 0.000000
2694.000000 0.000000
2695.000000 0.000000
2696.000000 0.000000
2697.000000 0.000000
2698.000000 0.000000
2699.000000 0.000000
2700.000000 0.000000
2701.000000 0.000000
2702.000000 0.000000
2703.000000 0.000000
2704.000000 0.000000
2705.000000 0.000000
2706.000000 0.000000
2707.000000 0.000000
2708.000000 0.000000
2709.000000 0.000000
2710.000000 0.000000
2711.000000 0.000000
2712.000000 0.000000
2713.000000 0.000000
2714.000000 0.000000
2715.000000 0.000000
2716.000000 0.000000
2717.000000 0.000000
2718.000000 0.000000
2719.000000 0.000000
2720.000000 0.000000
2721.000000 0.000000
2722.000000 0.000000
2723.000000 0.000000
2724.000000 0.000000
2725.000000 0.000000
2726.000000 0.000000
2727.000000 0.000000
2728.000000 0.000000
2729.000000 0.000000
2730.000000 0.000000
2731.000000 0.000000
2732.000000 0.000000
2733.000000 0.000000
2734.000000 0.000000
2735.000000 0.000000
2736.000000 0.000000
2737.000000 0.000000
2738.000000 0.000000
2739.000000 0.000000
2740.000000 0.000000
2741.000000 0.000000
2742.000000 0.000000
2743.000000 0.000000
2744.000000 0.000000
2745.000000 0.000000
2746.000000 0.000000
2747.000000 0.000000
2748.000000 0.000000
2749.000000 0.000000
2750.000000 0.000000
2751.000000 0.000000
2752.000000 0.000000
2753.000000 0.000000
2754.000000 0.000000
2755.000000 0.000000
2756.000000 0.000000
2757.000000 0.000000
2758.000000 0.000000
2759.000000 0.000000
2760.000000 0.000000
2761.000000 0.000000
2762.000000 0.000000
2763.000000 0.000000
2764.000000 0.000000
2765.000000 0.000000
2766.000000 0.000000
2767.000000 0.000000
2768.000000 0.000000
2769.000000 0.000000
2770.000000 0.000000
2771.000000 0.000000
2772.000000 0.000000
2773.000000 0.000000
2774.000000 0.000000
2775.000000 0.000000
2776.000000 0.000000
2777.000000 0.000000
2778.000000 0.000000
2779.000000 0.000000
2780.000000 0.000000
2781.000000 0.000000
2782.000000 0.000000
2783.000000 0.000000
2784.000000 0.000000
2785.000000 0.000000
2786.000000 0.000000
2787.000000 0.000000
2788.000000 0.000000
2789.000000 0.000000
2790.000000 0.000000
2791.000000 0.000000
2792.000000 0.000000
2793.000000 0.000000
2794.000000 0.000000
2795.000000 0.000000
2796.000000 0.000000
2797.000000 0.000000
2798.000000 0.000000
2799.000000 0.000000
2800.000000 0.000000
2801.000000 0.000000
2802.000000 0.000000
2803.000000 0.000000
2804.000000 0.000000
2805.000000 0.000000
2806.000000 0.000000
2807.000000 0.000000
2808.000000 0.000000
2809.000000 0.000000
2810.000000 0.000000
2811.000000 0.000000
2812.000000 0.000000
2813.000000 0.000000
2814.000000 0.000000
2815.000000 0.000000
2816.000000 0.000000
2817.000000 0.000000
2818.000000 0.000000
2819.000000 0.000000
2820.000000 0.000000
2821.000000 0.000000
2822.000000 0.000000
2823.000000 0.000000
2824.000000 0.000000
2825.000000 0.000000
2826.000000 0.000000
2827.000000 0.000000
2828.000000 0.000000
2829.000000 0.000000
2830.000000 0.000000
2831.000000 0.000000
2832.000000 0.000000
2833.000000 0.000000
2834.000000 0.000000
2835.000000 0.000000
2836.000000 0.000000
2837.000000 0.000000
2838.000000 0.000000
2839.000000 0.000000
2840.000000 0.000000
2841.000000 0.000000
2842.000000 0.000000
2843.000000 0.000000
2844.000000 0.000000
2845.000000 0.000000
2846.000000 0.000000
2847.000000 0.000000
2848.000000 0.000000
2849.000000 0.000000
2850.000000 0.000000
2851.000000 0.000000
2852.000000 0.000000
2853.000000 0.000000
2854.000000 0.000000
2855.000000 0.000000
2856.000000 0.000000
2857.000000 0.000000
2858.000000 0.000000
2859.000000 0.000000
2860.000000 0.000000
2861.000000 0.000000
2862.000000 0.000000
2863.000000 0.000000
2864.000000 0.000000
2865.000000 0.000000
2866.000000 0.000000
2867.000000 0.000000
2868.000000 0.000000
2869.000000 0.000000
2870.000000 0.000000
2871.000000 0.000000
2872.000000 0.000000
2873.000000 0.000000
2874.000000 0.000000
2875.000000 0.000000
2876.000000 0.000000
2877.000000 0.000000
2878.000000 0.000000
2879.000000 0.000000
2880.000000 0.000000
2881.000000 0.000000
2882.000000 0.000000
2883.000000 0.000000
2884.000000 0.000000
2885.000000 0.000000
2886.000000 0.000000
2887.000000 0.000000
2888.000000 0.000000
2889.000000 0.000000
2890.000000 0.000000
2891.000000 0.000000
2892.000000 0.000000
2893.000000 0.000000
2894.000000 0.000000
2895.000000 0.000000
2896.000000 0.000000
2897.000000 0.000000
2898.000000 0.000000
2899.000000 0.000000
2900.000000 0.000000
2901.000000 0.000000
2902.000000 0.000000
2903.000000 0.000000
2904.000000 0.000000
2905.000000 0.000000
2906.000000 0.000000
2907.000000 0.000000
2908.000000 0.000000
2909.000000 0.000000
2910.000000 0.000000
2911.000000 0.000000
2912.000000 0.000000
2913.000000 0.000000
2914.000000 0.000000
2915.000000 0.000000
2916.000000 0.000000
2917.000000 0.000000
2918.000000 0.000000
2919.000000 0.000000
2920.000000 0.000000
2921.000000 0.000000
2922.000000 0.000000
2923.000000 0.000000
2924.000000 0.000000
2925.000000 0.000000
2926.000000 0.000000
2927.000000 0.000000
2928.000000 0.000000
2929.000000 0.000000
2930.000000 0.000000
2931.000000 0.000000
2932.000000 0.000000
2933.000000 0.000000
2934.000000 0.000000
2935.000000 0.000000
2936.000000 0.000000
2937.000000 0.000000
2938.000000 0.000000
2939.000000 0.000000
2940.000000 0.000000
2941.000000 0.000000
2942.000000 0.000000
2943.000000 0.000000
2944.000000 0.000000
2945.000000 0.000000
2946.000000 0.000000
2947.000000 0.000000
2948.000000 0.000000
2949.000000 0.000000
2950.000000 0.000000
2951.000000 0.000000
2952.000000 0.000000
2953.000000 0.000000
2954.000000 0.000000
2955.000000 0.000000
2956.000000 0.000000
2957.000000 0.000000
2958.000000 0.000000
2959.000000 0.000000
2960.000000 0.000000
2961.000000 0.000000
2962.000000 0.000000
2963.000000 0.000000
2964.000000 0.000000
2965.000000 0.000000
2966.000000 0.000000
2967.000000 0.000000
2968.000000 0.000000
2969.000000 0.000000
2970.000000 0.000000
2971.000000 0.000000
2972.000000 0.000000
2973.000000 0.000000
2974.000000 0.000000
2975.000000 0.000000
2976.000000 0.000000
2977.000000 0.000000
2978.000000 0.000000
2979.000000 0.000000
2980.000000 0.000000
2981.000000 0.000000
2982.000000 0.000000
2983.000000 0.000000
2984.000000 0.000000
2985.000000 0.000000
2986.000000 0.000000
2987.000000 0.000000
2988.000000 0.000000
2989.000000 0.000000
2990.000000 0.000000
2991.000000 0.000000
2992.000000 0.000000
2993.000000 0.000000
2994.000000 0.000000
2995.000000 0.000000
2996.000000 0.000000
2997.000000 0.000000
2998.000000 0.000000
2999.000000 0.000000
