0.000000 34.310000
1.000000 34.310000
2.000000 34.310000
3.000000 34.310000
4.000000 34.310000
5.000000 34.310000
6.000000 34.310000
7.000000 34.370000
8.000000 34.310000
9.000000 34.310000
10.000000 34.370000
11.000000 34.310000
12.000000 34.310000
13.000000 34.310000
14.000000 34.370000
15.000000 34.370000
16.000000 34.370000
17.000000 34.370000
18.000000 34.370000
19.000000 34.370000
20.000000 34.430000
21.000000 34.430000
22.000000 34.500000
23.000000 34.500000
24.000000 34.500000
25.000000 34.560000
26.000000 34.560000
27.000000 34.560000
28.000000 34.560000
29.000000 34.620000
30.000000 34.620000
31.000000 34.620000
32.000000 34.620000
33.000000 34.680000
34.000000 34.680000
35.000000 34.680000
36.000000 34.680000
37.000000 34.750000
38.000000 34.750000
39.000000 34.810000
40.000000 34.810000
41.000000 34.810000
42.000000 34.870000
43.000000 34.930000
44.000000 34.930000
45.000000 34.930000
46.000000 34.930000
47.000000 35.000000
48.000000 35.000000
49.000000 35.000000
50.000000 35.060000
51.000000 35.060000
52.000000 35.060000
53.000000 35.060000
54.000000 35.060000
55.000000 35.120000
56.000000 35.120000
57.000000 35.120000
58.000000 35.180000
59.000000 35.180000
60.000000 35.180000
61.000000 35.180000
62.000000 35.180000
63.000000 35.250000
64.000000 35.250000
65.000000 35.250000
66.000000 35.310000
67.000000 35.310000
68.000000 35.310000
69.000000 35.310000
70.000000 35.370000
71.000000 35.370000
72.000000 35.370000
73.000000 35.430000
74.000000 35.430000
75.000000 35.430000
76.000000 35.430000
77.000000 35.430000
78.000000 35.430000
79.000000 35.430000
80.000000 35.430000
81.000000 35.430000
82.000000 35.500000
83.000000 35.500000
84.000000 35.500000
85.000000 35.500000
86.000000 35.500000
87.000000 35.500000
88.000000 35.500000
89.000000 35.500000
90.000000 35.500000
91.000000 35.500000
92.000000 35.500000
93.000000 35.560000
94.000000 35.560000
95.000000 35.560000
96.000000 35.560000
97.000000 35.560000
98.000000 35.560000
99.000000 35.560000
100.000000 35.560000
101.000000 35.620000
102.000000 35.620000
103.000000 35.620000
104.000000 35.620000
105.000000 35.620000
106.000000 35.620000
107.000000 35.620000
108.000000 35.620000
109.000000 35.620000
110.000000 35.680000
111.000000 35.680000
112.000000 35.680000
113.000000 35.680000
114.000000 35.750000
115.000000 35.750000
116.000000 35.750000
117.000000 35.750000
118.000000 35.750000
119.000000 35.750000
120.000000 35.750000
121.000000 35.750000
122.000000 35.810000
123.000000 35.810000
124.000000 35.810000
125.000000 35.810000
126.000000 35.810000
127.000000 35.810000
128.000000 35.810000
129.000000 35.750000
130.000000 35.750000
131.000000 35.810000
132.000000 35.750000
133.000000 35.810000
134.000000 35.810000
135.000000 35.810000
136.000000 35.810000
137.000000 35.810000
138.000000 35.810000
139.000000 35.870000
140.000000 35.870000
141.000000 35.870000
142.000000 35.870000
143.000000 35.870000
144.000000 35.870000
145.000000 35.870000
146.000000 35.930000
147.000000 35.930000
148.000000 35.930000
149.000000 35.930000
150.000000 35.930000
151.000000 35.930000
152.000000 35.930000
153.000000 35.870000
154.000000 35.930000
155.000000 35.930000
156.000000 35.930000
157.000000 35.930000
158.000000 35.930000
159.000000 35.930000
160.000000 35.930000
161.000000 35.930000
162.000000 35.930000
163.000000 35.930000
164.000000 35.930000
165.000000 36.000000
166.000000 36.000000
167.000000 36.000000
168.000000 36.000000
169.000000 36.000000
170.000000 36.000000
171.000000 36.000000
172.000000 36.000000
173.000000 36.000000
174.000000 36.000000
175.000000 36.060000
176.000000 36.060000
177.000000 36.060000
178.000000 36.060000
179.000000 36.060000
180.000000 36.060000
181.000000 36.060000
182.000000 36.060000
183.000000 36.060000
184.000000 36.060000
185.000000 36.060000
186.000000 36.060000
187.000000 36.060000
188.000000 36.060000
189.000000 36.060000
190.000000 36.060000
191.000000 36.060000
192.000000 36.060000
193.000000 36.060000
194.000000 36.060000
195.000000 36.060000
196.000000 36.060000
197.000000 36.060000
198.000000 36.060000
199.000000 36.120000
200.000000 36.120000
201.000000 36.120000
202.000000 36.120000
203.000000 36.120000
204.000000 36.120000
205.000000 36.120000
206.000000 36.060000
207.000000 36.060000
208.000000 36.060000
209.000000 36.120000
210.000000 36.120000
211.000000 36.120000
212.000000 36.120000
213.000000 36.120000
214.000000 36.120000
215.000000 36.120000
216.000000 36.120000
217.000000 36.120000
218.000000 36.120000
219.000000 36.120000
220.000000 36.120000
221.000000 36.120000
222.000000 36.120000
223.000000 36.180000
224.000000 36.180000
225.000000 36.180000
226.000000 36.180000
227.000000 36.180000
228.000000 36.180000
229.000000 36.180000
230.000000 36.180000
231.000000 36.180000
232.000000 36.180000
233.000000 36.180000
234.000000 36.180000
235.000000 36.180000
236.000000 36.180000
237.000000 36.180000
238.000000 36.180000
239.000000 36.180000
240.000000 36.250000
241.000000 36.250000
242.000000 36.180000
243.000000 36.250000
244.000000 36.250000
245.000000 36.250000
246.000000 36.250000
247.000000 36.250000
248.000000 36.250000
249.000000 36.310000
250.000000 36.310000
251.000000 36.310000
252.000000 36.310000
253.000000 36.310000
254.000000 36.310000
255.000000 36.310000
256.000000 36.370000
257.000000 36.370000
258.000000 36.370000
259.000000 36.370000
260.000000 36.370000
261.000000 36.370000
262.000000 36.370000
263.000000 36.310000
264.000000 36.310000
265.000000 36.370000
266.000000 36.370000
267.000000 36.370000
268.000000 36.370000
269.000000 36.370000
270.000000 36.310000
271.000000 36.310000
272.000000 36.310000
273.000000 36.310000
274.000000 36.310000
275.000000 36.310000
276.000000 36.310000
277.000000 36.310000
278.000000 36.310000
279.000000 36.310000
280.000000 36.310000
281.000000 36.310000
282.000000 36.310000
283.000000 36.310000
284.000000 36.310000
285.000000 36.310000
286.000000 36.310000
287.000000 36.310000
288.000000 36.370000
289.000000 36.370000
290.000000 36.310000
291.000000 36.310000
292.000000 36.310000
293.000000 36.310000
294.000000 36.310000
295.000000 36.370000
296.000000 36.370000
297.000000 36.370000
298.000000 36.370000
299.000000 36.370000
300.000000 36.370000
301.000000 36.370000
302.000000 36.370000
303.000000 36.370000
304.000000 36.370000
305.000000 36.370000
306.000000 36.370000
307.000000 36.370000
308.000000 36.370000
309.000000 36.370000
310.000000 36.370000
311.000000 36.370000
312.000000 36.370000
313.000000 36.370000
314.000000 36.370000
315.000000 36.370000
316.000000 36.370000
317.000000 36.370000
318.000000 36.370000
319.000000 36.370000
320.000000 36.370000
321.000000 36.430000
322.000000 36.430000
323.000000 36.430000
324.000000 36.430000
325.000000 36.430000
326.000000 36.430000
327.000000 36.430000
328.000000 36.370000
329.000000 36.370000
330.000000 36.370000
331.000000 36.370000
332.000000 36.370000
333.000000 36.370000
334.000000 36.370000
335.000000 36.370000
336.000000 36.370000
337.000000 36.370000
338.000000 36.370000
339.000000 36.370000
340.000000 36.370000
341.000000 36.370000
342.000000 36.370000
343.000000 36.370000
344.000000 36.370000
345.000000 36.370000
346.000000 36.370000
347.000000 36.430000
348.000000 36.430000
349.000000 36.430000
350.000000 36.430000
351.000000 36.430000
352.000000 36.430000
353.000000 36.430000
354.000000 36.430000
355.000000 36.430000
356.000000 36.430000
357.000000 36.430000
358.000000 36.430000
359.000000 36.430000
360.000000 36.430000
361.000000 36.430000
362.000000 36.430000
363.000000 36.430000
364.000000 36.500000
365.000000 36.500000
366.000000 36.500000
367.000000 36.500000
368.000000 36.500000
369.000000 36.500000
370.000000 36.560000
371.000000 36.560000
372.000000 36.560000
373.000000 36.560000
374.000000 36.560000
375.000000 36.560000
376.000000 36.560000
377.000000 36.560000
378.000000 36.560000
379.000000 36.560000
380.000000 36.560000
381.000000 36.560000
382.000000 36.560000
383.000000 36.560000
384.000000 36.560000
385.000000 36.560000
386.000000 36.500000
387.000000 36.500000
388.000000 36.430000
389.000000 36.430000
390.000000 36.430000
391.000000 36.430000
392.000000 36.370000
393.000000 36.370000
394.000000 36.370000
395.000000 36.370000
396.000000 36.430000
397.000000 36.430000
398.000000 36.430000
399.000000 36.430000
400.000000 36.430000
401.000000 36.430000
402.000000 36.500000
403.000000 36.500000
404.000000 36.500000
405.000000 36.500000
406.000000 36.500000
407.000000 36.500000
408.000000 36.500000
409.000000 36.500000
410.000000 36.500000
411.000000 36.500000
412.000000 36.500000
413.000000 36.560000
414.000000 36.560000
415.000000 36.560000
416.000000 36.560000
417.000000 36.560000
418.000000 36.560000
419.000000 36.560000
420.000000 36.560000
421.000000 36.560000
422.000000 36.560000
423.000000 36.560000
424.000000 36.560000
425.000000 36.560000
426.000000 36.560000
427.000000 36.560000
428.000000 36.560000
429.000000 36.560000
430.000000 36.560000
431.000000 36.560000
432.000000 36.560000
433.000000 36.560000
434.000000 36.560000
435.000000 36.560000
436.000000 36.560000
437.000000 36.560000
438.000000 36.560000
439.000000 36.560000
440.000000 36.560000
441.000000 36.560000
442.000000 36.620000
443.000000 36.620000
444.000000 36.620000
445.000000 36.620000
446.000000 36.620000
447.000000 36.620000
448.000000 36.680000
449.000000 36.680000
450.000000 36.680000
451.000000 36.620000
452.000000 36.620000
453.000000 36.620000
454.000000 36.620000
455.000000 36.560000
456.000000 36.620000
457.000000 36.620000
458.000000 36.620000
459.000000 36.620000
460.000000 36.620000
461.000000 36.620000
462.000000 36.620000
463.000000 36.620000
464.000000 36.620000
465.000000 36.620000
466.000000 36.620000
467.000000 36.620000
468.000000 36.620000
469.000000 36.620000
470.000000 36.620000
471.000000 36.620000
472.000000 36.680000
473.000000 36.680000
474.000000 36.680000
475.000000 36.680000
476.000000 36.680000
477.000000 36.680000
478.000000 36.680000
479.000000 36.680000
480.000000 36.680000
481.000000 36.750000
482.000000 36.750000
483.000000 36.750000
484.000000 36.750000
485.000000 36.750000
486.000000 36.750000
487.000000 36.750000
488.000000 36.750000
489.000000 36.750000
490.000000 36.680000
491.000000 36.680000
492.000000 36.680000
493.000000 36.680000
494.000000 36.680000
495.000000 36.680000
496.000000 36.680000
497.000000 36.680000
498.000000 36.680000
499.000000 36.680000
500.000000 36.680000
501.000000 36.680000
502.000000 36.680000
503.000000 36.680000
504.000000 36.680000
505.000000 36.680000
506.000000 36.680000
507.000000 36.680000
508.000000 36.680000
509.000000 36.620000
510.000000 36.620000
511.000000 36.620000
512.000000 36.620000
513.000000 36.620000
514.000000 36.620000
515.000000 36.620000
516.000000 36.620000
517.000000 36.620000
518.000000 36.560000
519.000000 36.560000
520.000000 36.560000
521.000000 36.560000
522.000000 36.560000
523.000000 36.560000
524.000000 36.560000
525.000000 36.560000
526.000000 36.560000
527.000000 36.560000
528.000000 36.560000
529.000000 36.620000
530.000000 36.620000
531.000000 36.620000
532.000000 36.620000
533.000000 36.620000
534.000000 36.680000
535.000000 36.680000
536.000000 36.680000
537.000000 36.680000
538.000000 36.680000
539.000000 36.680000
540.000000 36.680000
541.000000 36.680000
542.000000 36.680000
543.000000 36.680000
544.000000 36.680000
545.000000 36.750000
546.000000 36.750000
547.000000 36.750000
548.000000 36.750000
549.000000 36.750000
550.000000 36.750000
551.000000 36.750000
552.000000 36.750000
553.000000 36.750000
554.000000 36.750000
555.000000 36.680000
556.000000 36.680000
557.000000 36.680000
558.000000 36.680000
559.000000 36.680000
560.000000 36.680000
561.000000 36.680000
562.000000 36.680000
563.000000 36.680000
564.000000 36.680000
565.000000 36.680000
566.000000 36.680000
567.000000 36.680000
568.000000 36.680000
569.000000 36.680000
570.000000 36.680000
571.000000 36.680000
572.000000 36.680000
573.000000 36.680000
574.000000 36.680000
575.000000 36.680000
576.000000 36.680000
577.000000 36.680000
578.000000 36.680000
579.000000 36.680000
580.000000 36.680000
581.000000 36.680000
582.000000 36.680000
583.000000 36.680000
584.000000 36.680000
585.000000 36.680000
586.000000 36.620000
587.000000 36.620000
588.000000 36.680000
589.000000 36.620000
590.000000 36.620000
591.000000 36.680000
592.000000 36.680000
593.000000 36.620000
594.000000 36.620000
595.000000 36.620000
596.000000 36.620000
597.000000 36.680000
598.000000 36.680000
599.000000 36.680000
600.000000 36.680000
