0.000000 33.930000
1.000000 33.930000
2.000000 33.930000
3.000000 34.000000
4.000000 34.000000
5.000000 34.000000
6.000000 34.000000
7.000000 34.060000
8.000000 34.060000
9.000000 34.120000
10.000000 34.120000
11.000000 34.180000
12.000000 34.250000
13.000000 34.250000
14.000000 34.310000
15.000000 34.370000
16.000000 34.430000
17.000000 34.500000
18.000000 34.500000
19.000000 34.560000
20.000000 34.620000
21.000000 34.680000
22.000000 34.750000
23.000000 34.810000
24.000000 34.870000
25.000000 34.930000
26.000000 35.000000
27.000000 35.120000
28.000000 35.180000
29.000000 35.250000
30.000000 35.310000
31.000000 35.370000
32.000000 35.430000
33.000000 35.560000
34.000000 35.620000
35.000000 35.680000
36.000000 35.750000
37.000000 35.810000
38.000000 35.870000
39.000000 35.930000
40.000000 36.000000
41.000000 36.060000
42.000000 36.120000
43.000000 36.180000
44.000000 36.250000
45.000000 36.310000
46.000000 36.370000
47.000000 36.430000
48.000000 36.500000
49.000000 36.560000
50.000000 36.620000
51.000000 36.680000
52.000000 36.750000
53.000000 36.810000
54.000000 36.870000
55.000000 36.930000
56.000000 36.930000
57.000000 37.000000
58.000000 37.060000
59.000000 37.060000
60.000000 37.120000
61.000000 37.180000
62.000000 37.180000
63.000000 37.250000
64.000000 37.310000
65.000000 37.370000
66.000000 37.430000
67.000000 37.430000
68.000000 37.500000
69.000000 37.500000
70.000000 37.560000
71.000000 37.560000
72.000000 37.620000
73.000000 37.620000
74.000000 37.680000
75.000000 37.680000
76.000000 37.750000
77.000000 37.810000
78.000000 37.810000
79.000000 37.870000
80.000000 37.870000
81.000000 37.930000
82.000000 37.930000
83.000000 38.000000
84.000000 38.000000
85.000000 38.060000
86.000000 38.060000
87.000000 38.120000
88.000000 38.120000
89.000000 38.180000
90.000000 38.250000
91.000000 38.250000
92.000000 38.310000
93.000000 38.310000
94.000000 38.310000
95.000000 38.370000
96.000000 38.370000
97.000000 38.430000
98.000000 38.430000
99.000000 38.500000
100.000000 38.560000
101.000000 38.560000
102.000000 38.620000
103.000000 38.620000
104.000000 38.620000
105.000000 38.680000
106.000000 38.680000
107.000000 38.680000
108.000000 38.680000
109.000000 38.750000
110.000000 38.750000
111.000000 38.750000
112.000000 38.810000
113.000000 38.810000
114.000000 38.810000
115.000000 38.870000
116.000000 38.870000
117.000000 38.870000
118.000000 38.870000
119.000000 38.930000
120.000000 38.930000
121.000000 38.930000
122.000000 39.000000
123.000000 39.000000
124.000000 39.060000
125.000000 39.060000
126.000000 39.060000
127.000000 39.120000
128.000000 39.120000
129.000000 39.180000
130.000000 39.180000
131.000000 39.180000
132.000000 39.180000
133.000000 39.250000
134.000000 39.250000
135.000000 39.250000
136.000000 39.310000
137.000000 39.310000
138.000000 39.310000
139.000000 39.310000
140.000000 39.310000
141.000000 39.310000
142.000000 39.370000
143.000000 39.370000
144.000000 39.370000
145.000000 39.430000
146.000000 39.430000
147.000000 39.430000
148.000000 39.430000
149.000000 39.430000
150.000000 39.430000
151.000000 39.430000
152.000000 39.430000
153.000000 39.430000
154.000000 39.430000
155.000000 39.430000
156.000000 39.500000
157.000000 39.500000
158.000000 39.500000
159.000000 39.500000
160.000000 39.500000
161.000000 39.560000
162.000000 39.560000
163.000000 39.560000
164.000000 39.620000
165.000000 39.620000
166.000000 39.620000
167.000000 39.680000
168.000000 39.680000
169.000000 39.680000
170.000000 39.680000
171.000000 39.680000
172.000000 39.680000
173.000000 39.750000
174.000000 39.750000
175.000000 39.750000
176.000000 39.810000
177.000000 39.810000
178.000000 39.810000
179.000000 39.810000
180.000000 39.810000
181.000000 39.810000
182.000000 39.810000
183.000000 39.810000
184.000000 39.870000
185.000000 39.870000
186.000000 39.870000
187.000000 39.870000
188.000000 39.870000
189.000000 39.870000
190.000000 39.870000
191.000000 39.870000
192.000000 39.870000
193.000000 39.870000
194.000000 39.870000
195.000000 39.870000
196.000000 39.930000
197.000000 39.930000
198.000000 39.930000
199.000000 39.930000
200.000000 39.930000
201.000000 40.000000
202.000000 40.000000
203.000000 40.000000
204.000000 40.000000
205.000000 40.000000
206.000000 40.000000
207.000000 40.000000
208.000000 40.000000
209.000000 40.060000
210.000000 40.060000
211.000000 40.060000
212.000000 40.060000
213.000000 40.060000
214.000000 40.060000
215.000000 40.060000
216.000000 40.060000
217.000000 40.060000
218.000000 40.060000
219.000000 40.060000
220.000000 40.060000
221.000000 40.060000
222.000000 40.060000
223.000000 40.060000
224.000000 40.060000
225.000000 40.060000
226.000000 40.060000
227.000000 40.060000
228.000000 40.120000
229.000000 40.120000
230.000000 40.120000
231.000000 40.120000
232.000000 40.120000
233.000000 40.180000
234.000000 40.180000
235.000000 40.180000
236.000000 40.120000
237.000000 40.120000
238.000000 40.120000
239.000000 40.180000
240.000000 40.180000
241.000000 40.180000
242.000000 40.180000
243.000000 40.180000
244.000000 40.180000
245.000000 40.180000
246.000000 40.180000
247.000000 40.180000
248.000000 40.180000
249.000000 40.250000
250.000000 40.180000
251.000000 40.180000
252.000000 40.180000
253.000000 40.250000
254.000000 40.250000
255.000000 40.250000
256.000000 40.250000
257.000000 40.250000
258.000000 40.310000
259.000000 40.250000
260.000000 40.310000
261.000000 40.250000
262.000000 40.310000
263.000000 40.250000
264.000000 40.250000
265.000000 40.250000
266.000000 40.250000
267.000000 40.250000
268.000000 40.250000
269.000000 40.250000
270.000000 40.250000
271.000000 40.310000
272.000000 40.310000
273.000000 40.310000
274.000000 40.310000
275.000000 40.310000
276.000000 40.310000
277.000000 40.310000
278.000000 40.370000
279.000000 40.370000
280.000000 40.310000
281.000000 40.310000
282.000000 40.250000
283.000000 40.250000
284.000000 40.250000
285.000000 40.250000
286.000000 40.250000
287.000000 40.250000
288.000000 40.250000
289.000000 40.250000
290.000000 40.250000
291.000000 40.250000
292.000000 40.250000
293.000000 40.250000
294.000000 40.310000
295.000000 40.310000
296.000000 40.310000
297.000000 40.310000
298.000000 40.310000
299.000000 40.310000
300.000000 40.370000
301.000000 40.370000
302.000000 40.370000
303.000000 40.370000
304.000000 40.370000
305.000000 40.370000
306.000000 40.430000
307.000000 40.430000
308.000000 40.430000
309.000000 40.430000
310.000000 40.430000
311.000000 40.430000
312.000000 40.430000
313.000000 40.430000
314.000000 40.430000
315.000000 40.430000
316.000000 40.430000
317.000000 40.430000
318.000000 40.500000
319.000000 40.500000
320.000000 40.500000
321.000000 40.500000
322.000000 40.500000
323.000000 40.500000
324.000000 40.560000
325.000000 40.560000
326.000000 40.560000
327.000000 40.500000
328.000000 40.560000
329.000000 40.560000
330.000000 40.560000
331.000000 40.560000
332.000000 40.620000
333.000000 40.620000
334.000000 40.620000
335.000000 40.620000
336.000000 40.620000
337.000000 40.620000
338.000000 40.620000
339.000000 40.620000
340.000000 40.620000
341.000000 40.620000
342.000000 40.620000
343.000000 40.560000
344.000000 40.560000
345.000000 40.560000
346.000000 40.560000
347.000000 40.560000
348.000000 40.560000
349.000000 40.620000
350.000000 40.620000
351.000000 40.620000
352.000000 40.620000
353.000000 40.620000
354.000000 40.620000
355.000000 40.620000
356.000000 40.620000
357.000000 40.620000
358.000000 40.620000
359.000000 40.560000
360.000000 40.560000
361.000000 40.560000
362.000000 40.560000
363.000000 40.560000
364.000000 40.500000
365.000000 40.500000
366.000000 40.500000
367.000000 40.500000
368.000000 40.500000
369.000000 40.500000
370.000000 40.500000
371.000000 40.560000
372.000000 40.560000
373.000000 40.560000
374.000000 40.560000
375.000000 40.500000
376.000000 40.500000
377.000000 40.500000
378.000000 40.560000
379.000000 40.560000
380.000000 40.560000
381.000000 40.560000
382.000000 40.560000
383.000000 40.560000
384.000000 40.560000
385.000000 40.560000
386.000000 40.560000
387.000000 40.560000
388.000000 40.560000
389.000000 40.560000
390.000000 40.560000
391.000000 40.560000
392.000000 40.500000
393.000000 40.560000
394.000000 40.560000
395.000000 40.560000
396.000000 40.560000
397.000000 40.560000
398.000000 40.560000
399.000000 40.560000
400.000000 40.560000
401.000000 40.560000
402.000000 40.560000
403.000000 40.560000
404.000000 40.560000
405.000000 40.560000
406.000000 40.560000
407.000000 40.620000
408.000000 40.620000
409.000000 40.620000
410.000000 40.620000
411.000000 40.620000
412.000000 40.620000
413.000000 40.620000
414.000000 40.620000
415.000000 40.620000
416.000000 40.620000
417.000000 40.620000
418.000000 40.620000
419.000000 40.620000
420.000000 40.620000
421.000000 40.620000
422.000000 40.620000
423.000000 40.680000
424.000000 40.680000
425.000000 40.680000
426.000000 40.680000
427.000000 40.680000
428.000000 40.680000
429.000000 40.680000
430.000000 40.680000
431.000000 40.680000
432.000000 40.680000
433.000000 40.750000
434.000000 40.680000
435.000000 40.680000
436.000000 40.680000
437.000000 40.680000
438.000000 40.680000
439.000000 40.680000
440.000000 40.680000
441.000000 40.620000
442.000000 40.620000
443.000000 40.560000
444.000000 40.560000
445.000000 40.560000
446.000000 40.560000
447.000000 40.560000
448.000000 40.560000
449.000000 40.560000
450.000000 40.560000
451.000000 40.560000
452.000000 40.560000
453.000000 40.560000
454.000000 40.560000
455.000000 40.560000
456.000000 40.560000
457.000000 40.560000
458.000000 40.560000
459.000000 40.620000
460.000000 40.620000
461.000000 40.620000
462.000000 40.620000
463.000000 40.620000
464.000000 40.620000
465.000000 40.680000
466.000000 40.680000
467.000000 40.680000
468.000000 40.680000
469.000000 40.680000
