0.000000 34.370000
1.000000 34.370000
2.000000 34.370000
3.000000 34.370000
4.000000 34.430000
5.000000 34.430000
6.000000 34.430000
7.000000 34.430000
8.000000 34.430000
9.000000 34.430000
10.000000 34.430000
11.000000 34.430000
12.000000 34.500000
13.000000 34.500000
14.000000 34.500000
15.000000 34.560000
16.000000 34.560000
17.000000 34.560000
18.000000 34.620000
19.000000 34.620000
20.000000 34.680000
21.000000 34.750000
22.000000 34.750000
23.000000 34.810000
24.000000 34.870000
25.000000 34.930000
26.000000 34.930000
27.000000 35.000000
28.000000 35.000000
29.000000 35.060000
30.000000 35.060000
31.000000 35.120000
32.000000 35.180000
33.000000 35.250000
34.000000 35.250000
35.000000 35.310000
36.000000 35.370000
37.000000 35.370000
38.000000 35.430000
39.000000 35.430000
40.000000 35.500000
41.000000 35.500000
42.000000 35.560000
43.000000 35.620000
44.000000 35.620000
45.000000 35.620000
46.000000 35.680000
47.000000 35.680000
48.000000 35.750000
49.000000 35.750000
50.000000 35.810000
51.000000 35.810000
52.000000 35.870000
53.000000 35.930000
54.000000 35.930000
55.000000 36.000000
56.000000 36.000000
57.000000 36.060000
58.000000 36.120000
59.000000 36.120000
60.000000 36.180000
61.000000 36.250000
62.000000 36.250000
63.000000 36.310000
64.000000 36.310000
65.000000 36.370000
66.000000 36.370000
67.000000 36.430000
68.000000 36.430000
69.000000 36.500000
70.000000 36.500000
71.000000 36.560000
72.000000 36.620000
73.000000 36.620000
74.000000 36.680000
75.000000 36.680000
76.000000 36.750000
77.000000 36.750000
78.000000 36.810000
79.000000 36.810000
80.000000 36.810000
81.000000 36.810000
82.000000 36.810000
83.000000 36.870000
84.000000 36.870000
85.000000 36.930000
86.000000 36.930000
87.000000 36.930000
88.000000 37.000000
89.000000 37.000000
90.000000 37.060000
91.000000 37.060000
92.000000 37.060000
93.000000 37.060000
94.000000 37.120000
95.000000 37.120000
96.000000 37.120000
97.000000 37.180000
98.000000 37.180000
99.000000 37.180000
100.000000 37.250000
101.000000 37.250000
102.000000 37.250000
103.000000 37.250000
104.000000 37.250000
105.000000 37.250000
106.000000 37.310000
107.000000 37.310000
108.000000 37.310000
109.000000 37.310000
110.000000 37.370000
111.000000 37.370000
112.000000 37.370000
113.000000 37.370000
114.000000 37.430000
115.000000 37.430000
116.000000 37.430000
117.000000 37.430000
118.000000 37.500000
119.000000 37.500000
120.000000 37.500000
121.000000 37.500000
122.000000 37.560000
123.000000 37.560000
124.000000 37.620000
125.000000 37.620000
126.000000 37.620000
127.000000 37.620000
128.000000 37.620000
129.000000 37.620000
130.000000 37.620000
131.000000 37.620000
132.000000 37.620000
133.000000 37.680000
134.000000 37.680000
135.000000 37.750000
136.000000 37.750000
137.000000 37.750000
138.000000 37.750000
139.000000 37.750000
140.000000 37.750000
141.000000 37.750000
142.000000 37.750000
143.000000 37.810000
144.000000 37.810000
145.000000 37.810000
146.000000 37.810000
147.000000 37.810000
148.000000 37.810000
149.000000 37.870000
150.000000 37.870000
151.000000 37.930000
152.000000 37.930000
153.000000 37.930000
154.000000 37.930000
155.000000 37.930000
156.000000 37.930000
157.000000 37.930000
158.000000 37.930000
159.000000 37.930000
160.000000 37.930000
161.000000 37.930000
162.000000 37.930000
163.000000 37.930000
164.000000 37.930000
165.000000 37.930000
166.000000 37.930000
167.000000 37.930000
168.000000 37.930000
169.000000 37.930000
170.000000 37.930000
171.000000 37.930000
172.000000 37.930000
173.000000 37.930000
174.000000 37.930000
175.000000 37.930000
176.000000 37.930000
177.000000 37.930000
178.000000 37.930000
179.000000 37.930000
180.000000 37.930000
181.000000 37.930000
182.000000 38.000000
183.000000 38.000000
184.000000 38.000000
185.000000 38.000000
186.000000 38.000000
187.000000 38.000000
188.000000 38.000000
189.000000 38.000000
190.000000 38.000000
191.000000 38.000000
192.000000 38.000000
193.000000 38.060000
194.000000 38.060000
195.000000 38.060000
196.000000 38.000000
197.000000 38.000000
198.000000 38.000000
199.000000 38.000000
200.000000 38.000000
201.000000 38.000000
202.000000 38.000000
203.000000 38.060000
204.000000 38.060000
205.000000 38.060000
206.000000 38.120000
207.000000 38.120000
208.000000 38.120000
209.000000 38.120000
210.000000 38.120000
211.000000 38.120000
212.000000 38.120000
213.000000 38.120000
214.000000 38.120000
215.000000 38.120000
216.000000 38.120000
217.000000 38.120000
218.000000 38.060000
219.000000 38.120000
220.000000 38.120000
221.000000 38.120000
222.000000 38.120000
223.000000 38.120000
224.000000 38.180000
225.000000 38.180000
226.000000 38.180000
227.000000 38.180000
228.000000 38.180000
229.000000 38.250000
230.000000 38.250000
231.000000 38.250000
232.000000 38.250000
233.000000 38.310000
234.000000 38.310000
235.000000 38.310000
236.000000 38.310000
237.000000 38.310000
238.000000 38.310000
239.000000 38.250000
240.000000 38.250000
241.000000 38.250000
242.000000 38.310000
243.000000 38.310000
244.000000 38.310000
245.000000 38.310000
246.000000 38.310000
247.000000 38.310000
248.000000 38.310000
249.000000 38.310000
250.000000 38.310000
251.000000 38.310000
252.000000 38.310000
253.000000 38.310000
254.000000 38.310000
255.000000 38.310000
256.000000 38.310000
257.000000 38.310000
258.000000 38.310000
259.000000 38.310000
260.000000 38.310000
261.000000 38.310000
262.000000 38.310000
263.000000 38.310000
264.000000 38.310000
265.000000 38.310000
266.000000 38.310000
267.000000 38.310000
268.000000 38.310000
269.000000 38.310000
270.000000 38.310000
271.000000 38.310000
272.000000 38.370000
273.000000 38.370000
274.000000 38.370000
275.000000 38.370000
276.000000 38.370000
277.000000 38.370000
278.000000 38.370000
279.000000 38.370000
280.000000 38.370000
281.000000 38.370000
282.000000 38.370000
283.000000 38.430000
284.000000 38.430000
285.000000 38.430000
286.000000 38.370000
287.000000 38.370000
288.000000 38.370000
289.000000 38.370000
290.000000 38.430000
291.000000 38.370000
292.000000 38.370000
293.000000 38.370000
294.000000 38.370000
295.000000 38.370000
296.000000 38.370000
297.000000 38.370000
298.000000 38.370000
299.000000 38.310000
300.000000 38.310000
301.000000 38.310000
302.000000 38.310000
303.000000 38.310000
304.000000 38.310000
305.000000 38.310000
306.000000 38.310000
307.000000 38.310000
308.000000 38.370000
309.000000 38.310000
310.000000 38.370000
311.000000 38.370000
312.000000 38.370000
313.000000 38.370000
314.000000 38.370000
315.000000 38.370000
316.000000 38.370000
317.000000 38.370000
318.000000 38.430000
319.000000 38.430000
