0.000000 25.870000
1.000000 25.870000
2.000000 25.930000
3.000000 25.930000
4.000000 26.000000
5.000000 26.060000
6.000000 26.120000
7.000000 26.180000
8.000000 26.250000
9.000000 26.310000
10.000000 26.430000
11.000000 26.500000
12.000000 26.560000
13.000000 26.620000
14.000000 26.750000
15.000000 26.810000
16.000000 26.870000
17.000000 27.000000
18.000000 27.060000
19.000000 27.120000
20.000000 27.180000
21.000000 27.310000
22.000000 27.370000
23.000000 27.430000
24.000000 27.560000
25.000000 27.620000
26.000000 27.680000
27.000000 27.810000
28.000000 27.870000
29.000000 27.930000
30.000000 28.000000
31.000000 28.120000
32.000000 28.180000
33.000000 28.250000
34.000000 28.370000
35.000000 28.430000
36.000000 28.500000
37.000000 28.560000
38.000000 28.620000
39.000000 28.680000
40.000000 28.750000
41.000000 28.870000
42.000000 28.930000
43.000000 29.000000
44.000000 29.060000
45.000000 29.120000
46.000000 29.180000
47.000000 29.310000
48.000000 29.370000
49.000000 29.430000
50.000000 29.500000
51.000000 29.560000
52.000000 29.620000
53.000000 29.680000
54.000000 29.750000
55.000000 29.750000
56.000000 29.810000
57.000000 29.870000
58.000000 29.870000
59.000000 29.930000
60.000000 30.000000
61.000000 30.060000
62.000000 30.120000
63.000000 30.180000
64.000000 30.180000
65.000000 30.250000
66.000000 30.310000
67.000000 30.370000
68.000000 30.430000
69.000000 30.500000
70.000000 30.500000
71.000000 30.560000
72.000000 30.620000
73.000000 30.680000
74.000000 30.680000
75.000000 30.750000
76.000000 30.750000
77.000000 30.810000
78.000000 30.870000
79.000000 30.870000
80.000000 30.930000
81.000000 30.930000
82.000000 31.000000
83.000000 31.000000
84.000000 31.060000
85.000000 31.060000
86.000000 31.120000
87.000000 31.120000
88.000000 31.180000
89.000000 31.180000
90.000000 31.250000
91.000000 31.310000
92.000000 31.310000
93.000000 31.370000
94.000000 31.370000
95.000000 31.370000
96.000000 31.430000
97.000000 31.430000
98.000000 31.500000
99.000000 31.500000
100.000000 31.560000
101.000000 31.560000
102.000000 31.560000
103.000000 31.620000
104.000000 31.620000
105.000000 31.680000
106.000000 31.680000
107.000000 31.680000
108.000000 31.680000
109.000000 31.680000
110.000000 31.750000
111.000000 31.750000
112.000000 31.750000
113.000000 31.810000
114.000000 31.810000
115.000000 31.870000
116.000000 31.870000
117.000000 31.870000
118.000000 31.870000
119.000000 31.930000
120.000000 31.930000
121.000000 31.930000
122.000000 32.000000
123.000000 32.000000
124.000000 32.000000
125.000000 32.060000
126.000000 32.060000
127.000000 32.120000
128.000000 32.120000
129.000000 32.120000
130.000000 32.120000
131.000000 32.180000
132.000000 32.180000
133.000000 32.180000
134.000000 32.180000
135.000000 32.250000
136.000000 32.250000
137.000000 32.250000
138.000000 32.310000
139.000000 32.310000
140.000000 32.310000
141.000000 32.310000
142.000000 32.310000
143.000000 32.370000
144.000000 32.370000
145.000000 32.370000
146.000000 32.370000
147.000000 32.370000
148.000000 32.430000
149.000000 32.430000
150.000000 32.430000
151.000000 32.430000
152.000000 32.430000
153.000000 32.500000
154.000000 32.500000
155.000000 32.500000
156.000000 32.500000
157.000000 32.500000
158.000000 32.560000
159.000000 32.560000
160.000000 32.560000
161.000000 32.560000
162.000000 32.560000
163.000000 32.620000
164.000000 32.620000
165.000000 32.620000
166.000000 32.680000
167.000000 32.680000
168.000000 32.680000
169.000000 32.680000
170.000000 32.680000
171.000000 32.680000
172.000000 32.680000
173.000000 32.680000
174.000000 32.680000
175.000000 32.750000
176.000000 32.750000
177.000000 32.750000
178.000000 32.750000
179.000000 32.810000
180.000000 32.810000
181.000000 32.810000
182.000000 32.810000
183.000000 32.810000
184.000000 32.810000
185.000000 32.810000
186.000000 32.810000
187.000000 32.810000
188.000000 32.810000
189.000000 32.810000
190.000000 32.810000
191.000000 32.870000
192.000000 32.810000
193.000000 32.870000
194.000000 32.870000
195.000000 32.870000
196.000000 32.870000
197.000000 32.870000
198.000000 32.870000
199.000000 32.870000
200.000000 32.930000
201.000000 32.930000
202.000000 32.930000
203.000000 32.930000
204.000000 32.930000
205.000000 32.930000
206.000000 32.930000
207.000000 32.930000
208.000000 33.000000
209.000000 33.000000
210.000000 33.000000
211.000000 33.000000
212.000000 33.000000
213.000000 33.000000
214.000000 33.000000
215.000000 33.000000
216.000000 33.000000
217.000000 33.000000
218.000000 33.000000
219.000000 33.000000
220.000000 33.000000
221.000000 33.000000
222.000000 33.060000
223.000000 33.060000
224.000000 33.060000
225.000000 33.060000
226.000000 33.060000
227.000000 33.120000
228.000000 33.120000
229.000000 33.120000
230.000000 33.120000
231.000000 33.120000
232.000000 33.120000
233.000000 33.120000
234.000000 33.120000
235.000000 33.120000
236.000000 33.120000
237.000000 33.120000
238.000000 33.120000
239.000000 33.180000
240.000000 33.180000
241.000000 33.180000
242.000000 33.180000
243.000000 33.250000
244.000000 33.250000
245.000000 33.250000
246.000000 33.250000
247.000000 33.250000
248.000000 33.250000
249.000000 33.250000
250.000000 33.250000
251.000000 33.310000
252.000000 33.310000
253.000000 33.310000
254.000000 33.250000
255.000000 33.310000
256.000000 33.310000
257.000000 33.310000
258.000000 33.310000
259.000000 33.310000
260.000000 33.310000
261.000000 33.310000
262.000000 33.310000
263.000000 33.310000
264.000000 33.310000
265.000000 33.370000
266.000000 33.370000
267.000000 33.370000
268.000000 33.370000
269.000000 33.370000
270.000000 33.370000
271.000000 33.370000
272.000000 33.370000
273.000000 33.370000
274.000000 33.370000
275.000000 33.370000
276.000000 33.370000
277.000000 33.370000
278.000000 33.430000
279.000000 33.430000
280.000000 33.430000
281.000000 33.430000
282.000000 33.430000
283.000000 33.430000
284.000000 33.430000
285.000000 33.500000
286.000000 33.430000
287.000000 33.500000
288.000000 33.430000
289.000000 33.500000
290.000000 33.500000
291.000000 33.500000
292.000000 33.500000
293.000000 33.500000
294.000000 33.500000
295.000000 33.500000
296.000000 33.500000
297.000000 33.500000
298.000000 33.560000
299.000000 33.560000
300.000000 33.500000
301.000000 33.500000
302.000000 33.500000
303.000000 33.500000
304.000000 33.500000
305.000000 33.500000
306.000000 33.500000
307.000000 33.500000
308.000000 33.500000
309.000000 33.500000
310.000000 33.500000
311.000000 33.560000
312.000000 33.560000
313.000000 33.560000
314.000000 33.560000
315.000000 33.560000
316.000000 33.560000
317.000000 33.560000
318.000000 33.560000
319.000000 33.560000
320.000000 33.560000
321.000000 33.560000
322.000000 33.560000
323.000000 33.620000
324.000000 33.620000
325.000000 33.620000
326.000000 33.620000
327.000000 33.620000
328.000000 33.620000
329.000000 33.620000
330.000000 33.620000
331.000000 33.620000
332.000000 33.620000
333.000000 33.620000
334.000000 33.620000
335.000000 33.560000
336.000000 33.620000
337.000000 33.620000
338.000000 33.620000
339.000000 33.620000
340.000000 33.620000
341.000000 33.620000
342.000000 33.620000
343.000000 33.620000
344.000000 33.620000
345.000000 33.620000
346.000000 33.620000
347.000000 33.620000
348.000000 33.620000
349.000000 33.620000
350.000000 33.620000
351.000000 33.620000
352.000000 33.620000
353.000000 33.560000
354.000000 33.620000
355.000000 33.620000
356.000000 33.620000
357.000000 33.620000
358.000000 33.620000
359.000000 33.620000
360.000000 33.620000
361.000000 33.620000
362.000000 33.680000
363.000000 33.620000
364.000000 33.680000
365.000000 33.680000
366.000000 33.680000
367.000000 33.620000
368.000000 33.680000
369.000000 33.620000
370.000000 33.680000
371.000000 33.680000
372.000000 33.680000
373.000000 33.620000
374.000000 33.620000
375.000000 33.680000
376.000000 33.680000
377.000000 33.620000
378.000000 33.620000
379.000000 33.620000
380.000000 33.620000
381.000000 33.620000
382.000000 33.620000
383.000000 33.620000
384.000000 33.620000
385.000000 33.620000
386.000000 33.620000
387.000000 33.620000
388.000000 33.620000
389.000000 33.620000
390.000000 33.680000
391.000000 33.620000
392.000000 33.680000
393.000000 33.680000
394.000000 33.680000
395.000000 33.680000
396.000000 33.680000
397.000000 33.680000
398.000000 33.680000
399.000000 33.680000
400.000000 33.750000
401.000000 33.680000
402.000000 33.750000
403.000000 33.750000
404.000000 33.750000
405.000000 33.750000
406.000000 33.750000
407.000000 33.750000
408.000000 33.750000
409.000000 33.750000
410.000000 33.750000
411.000000 33.750000
412.000000 33.750000
413.000000 33.750000
414.000000 33.810000
415.000000 33.750000
416.000000 33.750000
417.000000 33.810000
418.000000 33.810000
419.000000 33.810000
420.000000 33.810000
421.000000 33.810000
422.000000 33.810000
423.000000 33.810000
424.000000 33.810000
425.000000 33.870000
426.000000 33.870000
427.000000 33.870000
428.000000 33.870000
429.000000 33.870000
430.000000 33.870000
431.000000 33.810000
432.000000 33.870000
433.000000 33.810000
434.000000 33.870000
435.000000 33.870000
436.000000 33.870000
437.000000 33.870000
438.000000 33.870000
439.000000 33.810000
440.000000 33.810000
441.000000 33.810000
442.000000 33.810000
443.000000 33.810000
444.000000 33.810000
445.000000 33.810000
446.000000 33.810000
447.000000 33.810000
448.000000 33.810000
449.000000 33.810000
450.000000 33.810000
451.000000 33.810000
452.000000 33.810000
453.000000 33.810000
454.000000 33.810000
455.000000 33.810000
456.000000 33.810000
457.000000 33.810000
458.000000 33.810000
459.000000 33.810000
460.000000 33.810000
461.000000 33.810000
462.000000 33.810000
463.000000 33.810000
464.000000 33.810000
465.000000 33.810000
466.000000 33.810000
467.000000 33.810000
468.000000 33.810000
469.000000 33.870000
470.000000 33.870000
471.000000 33.870000
472.000000 33.870000
473.000000 33.870000
474.000000 33.870000
475.000000 33.870000
476.000000 33.870000
477.000000 33.870000
478.000000 33.870000
479.000000 33.870000
480.000000 33.870000
481.000000 33.870000
482.000000 33.870000
483.000000 33.870000
484.000000 33.870000
485.000000 33.870000
486.000000 33.870000
487.000000 33.870000
488.000000 33.870000
489.000000 33.870000
490.000000 33.870000
491.000000 33.870000
492.000000 33.870000
493.000000 33.870000
494.000000 33.870000
495.000000 33.870000
496.000000 33.870000
497.000000 33.870000
498.000000 33.870000
499.000000 33.870000
500.000000 33.870000
501.000000 33.870000
502.000000 33.870000
503.000000 33.870000
504.000000 33.870000
505.000000 33.870000
506.000000 33.870000
507.000000 33.930000
508.000000 33.930000
509.000000 33.930000
510.000000 33.930000
511.000000 33.930000
512.000000 33.930000
513.000000 33.930000
514.000000 33.930000
515.000000 33.930000
516.000000 33.930000
517.000000 33.930000
518.000000 33.930000
519.000000 33.930000
520.000000 33.930000
521.000000 33.930000
522.000000 33.930000
523.000000 33.930000
524.000000 33.930000
525.000000 33.930000
526.000000 33.930000
527.000000 33.930000
528.000000 33.930000
529.000000 33.930000
530.000000 33.930000
531.000000 33.930000
532.000000 34.000000
533.000000 34.000000
534.000000 34.000000
535.000000 34.000000
536.000000 34.000000
537.000000 34.000000
538.000000 34.000000
539.000000 34.000000
540.000000 34.000000
541.000000 34.060000
542.000000 34.000000
543.000000 34.060000
544.000000 34.000000
545.000000 34.060000
546.000000 34.000000
547.000000 34.000000
548.000000 34.060000
549.000000 34.060000
550.000000 34.060000
551.000000 34.060000
552.000000 34.060000
553.000000 34.060000
554.000000 34.060000
555.000000 34.060000
556.000000 34.060000
557.000000 34.060000
558.000000 34.060000
559.000000 34.060000
560.000000 34.060000
561.000000 34.060000
562.000000 34.060000
563.000000 34.060000
564.000000 34.060000
565.000000 34.060000
566.000000 34.060000
567.000000 34.060000
568.000000 34.060000
569.000000 34.120000
570.000000 34.120000
571.000000 34.120000
572.000000 34.120000
573.000000 34.120000
574.000000 34.120000
575.000000 34.180000
576.000000 34.120000
577.000000 34.180000
578.000000 34.120000
579.000000 34.180000
580.000000 34.180000
581.000000 34.180000
582.000000 34.180000
583.000000 34.180000
584.000000 34.180000
585.000000 34.180000
586.000000 34.180000
587.000000 34.180000
588.000000 34.180000
589.000000 34.180000
590.000000 34.180000
591.000000 34.180000
592.000000 34.180000
593.000000 34.180000
594.000000 34.250000
595.000000 34.250000
596.000000 34.250000
597.000000 34.180000
598.000000 34.180000
599.000000 34.180000
600.000000 34.180000
601.000000 34.180000
602.000000 34.180000
603.000000 34.180000
604.000000 34.180000
605.000000 34.180000
606.000000 34.180000
607.000000 34.180000
608.000000 34.250000
609.000000 34.250000
610.000000 34.180000
611.000000 34.250000
612.000000 34.250000
613.000000 34.180000
614.000000 34.180000
615.000000 34.180000
616.000000 34.180000
617.000000 34.180000
618.000000 34.180000
619.000000 34.180000
620.000000 34.180000
621.000000 34.180000
622.000000 34.180000
623.000000 34.180000
624.000000 34.180000
625.000000 34.180000
626.000000 34.180000
627.000000 34.180000
628.000000 34.180000
629.000000 34.180000
630.000000 34.180000
631.000000 34.250000
632.000000 34.250000
633.000000 34.250000
634.000000 34.250000
635.000000 34.250000
636.000000 34.250000
637.000000 34.250000
638.000000 34.250000
