0.000000 25.000000
1.000000 33.618348
2.000000 39.109722
3.000000 42.484089
4.000000 44.430953
5.000000 45.129488
6.000000 45.297924
7.000000 45.120919
8.000000 44.724071
9.000000 44.235417
10.000000 43.505677
11.000000 42.941474
12.000000 42.548841
13.000000 42.068070
14.000000 41.819717
15.000000 41.499737
16.000000 41.402180
17.000000 41.167487
18.000000 40.890268
19.000000 40.837284
20.000000 40.677659
21.000000 40.445339
22.000000 40.121728
23.000000 40.028655
24.000000 39.832036
25.000000 39.565367
26.000000 39.251216
27.000000 38.864264
28.000000 38.472478
29.000000 38.328133
30.000000 38.091777
31.000000 37.794026
32.000000 37.414075
33.000000 37.022478
34.000000 36.623247
35.000000 35.926944
36.000000 35.581392
37.000000 35.213435
38.000000 34.830167
39.000000 34.436237
40.000000 33.992644
41.000000 33.807311
42.000000 33.535539
43.000000 33.202023
44.000000 32.824249
45.000000 32.664322
46.000000 32.348768
47.000000 32.219399
48.000000 31.954828
49.000000 31.848354
50.000000 31.589641
51.000000 31.478298
52.000000 31.207637
53.000000 31.080681
54.000000 31.042949
55.000000 30.767095
56.000000 30.626130
57.000000 30.320722
58.000000 30.157628
59.000000 30.085490
60.000000 29.819373
61.000000 29.676492
62.000000 29.612767
63.000000 29.597726
64.000000 29.361234
65.000000 29.229449
66.000000 29.163845
67.000000 29.138992
68.000000 29.137241
69.000000 29.147020
70.000000 29.161224
71.000000 28.884405
72.000000 28.710547
73.000000 28.603550
74.000000 28.539310
75.000000 28.501989
76.000000 28.772797
77.000000 28.948051
78.000000 29.057847
79.000000 29.121559
80.000000 29.152138
81.000000 29.158590
82.000000 29.147420
83.000000 29.123469
84.000000 29.091867
85.000000 29.056901
86.000000 29.271498
87.000000 29.397222
88.000000 29.464434
89.000000 29.493520
90.000000 29.498048
91.000000 29.736759
92.000000 29.875027
93.000000 29.945870
94.000000 29.972904
95.000000 29.972531
96.000000 29.955815
97.000000 29.929996
98.000000 29.899644
99.000000 29.868755
100.000000 29.840134
101.000000 30.065180
102.000000 30.204055
103.000000 30.285948
104.000000 30.330336
105.000000 30.641580
106.000000 30.831013
107.000000 30.938388
108.000000 30.990690
109.000000 31.007492
110.000000 31.002502
111.000000 30.985002
112.000000 30.961052
113.000000 30.935895
114.000000 31.163031
115.000000 31.304161
116.000000 31.389441
117.000000 31.438838
118.000000 31.465412
119.000000 31.477592
120.000000 31.480747
121.000000 31.478254
122.000000 31.473465
123.000000 31.468947
124.000000 31.466340
125.000000 31.466486
126.000000 31.219815
127.000000 31.066614
128.000000 30.977218
129.000000 30.931142
130.000000 31.164033
131.000000 31.325662
132.000000 31.438555
133.000000 31.518065
134.000000 31.573437
135.000000 31.610601
136.000000 31.633690
137.000000 31.645824
138.000000 31.400943
139.000000 31.242823
140.000000 31.144744
141.000000 31.088477
142.000000 31.061446
143.000000 31.054872
144.000000 31.062543
145.000000 31.080009
146.000000 31.102804
147.000000 31.127333
148.000000 31.151089
149.000000 31.172559
150.000000 31.191024
151.000000 31.206336
152.000000 31.218719
153.000000 31.228618
154.000000 31.236571
155.000000 31.243125
156.000000 31.248773
157.000000 30.962485
158.000000 30.781760
159.000000 30.672665
160.000000 30.612020
161.000000 30.583982
162.000000 30.577713
163.000000 30.585799
164.000000 30.603169
165.000000 30.624910
166.000000 30.647209
167.000000 30.667536
168.000000 30.684488
169.000000 30.697534
170.000000 30.706737
171.000000 30.712529
172.000000 30.715537
173.000000 30.716448
174.000000 30.715917
175.000000 30.714514
176.000000 30.712696
177.000000 30.710796
178.000000 30.709040
179.000000 30.707555
180.000000 30.706397
181.000000 30.705567
182.000000 30.705034
183.000000 30.454939
184.000000 30.295667
185.000000 30.197889
186.000000 30.141568
187.000000 30.113024
188.000000 30.102920
189.000000 30.104895
190.000000 29.864812
191.000000 29.718938
192.000000 29.634769
193.000000 29.590188
194.000000 29.570391
195.000000 29.565642
196.000000 29.569676
197.000000 29.578563
198.000000 29.588675
199.000000 29.597378
200.000000 29.603103
201.000000 29.605167
202.000000 29.603524
203.000000 29.598531
204.000000 29.590758
205.000000 29.580854
206.000000 29.569455
207.000000 29.557122
208.000000 29.544312
209.000000 29.531368
210.000000 29.518522
211.000000 29.505915
212.000000 29.743420
213.000000 29.640796
214.000000 29.817544
215.000000 29.923884
216.000000 29.982692
217.000000 30.009564
218.000000 30.015129
219.000000 30.006625
220.000000 29.990222
221.000000 29.969269
222.000000 29.946832
223.000000 29.925168
224.000000 29.905673
225.000000 29.889013
226.000000 29.875314
227.000000 29.864350
228.000000 30.105502
229.000000 30.257816
230.000000 30.350056
231.000000 30.401747
232.000000 30.426149
233.000000 30.432278
234.000000 30.426272
235.000000 30.412324
236.000000 30.394542
237.000000 30.376138
238.000000 30.359261
239.000000 30.636555
240.000000 30.811311
241.000000 30.917655
242.000000 30.978562
243.000000 31.009437
244.000000 31.270380
245.000000 31.177994
246.000000 31.106559
247.000000 31.051275
248.000000 31.009280
249.000000 30.978539
250.000000 30.957341
251.000000 30.944117
252.000000 30.938636
253.000000 30.939535
254.000000 30.945126
255.000000 30.662363
256.000000 30.487085
257.000000 30.384109
258.000000 30.329390
259.000000 30.306546
260.000000 30.304471
261.000000 30.315678
262.000000 30.335159
263.000000 30.358146
264.000000 30.381007
265.000000 30.401399
266.000000 30.168284
267.000000 30.021717
268.000000 30.182404
269.000000 30.290428
270.000000 30.362096
271.000000 30.408803
272.000000 30.188705
273.000000 30.047800
274.000000 29.959428
275.000000 29.905011
276.000000 29.873157
277.000000 29.856732
278.000000 29.851136
279.000000 29.853286
280.000000 29.859785
281.000000 29.867820
282.000000 29.875405
283.000000 29.881333
284.000000 29.885019
285.000000 30.136125
286.000000 30.044552
287.000000 29.980343
288.000000 29.934613
289.000000 29.901431
290.000000 30.126648
291.000000 30.267172
292.000000 30.350495
293.000000 30.146826
294.000000 30.009413
295.000000 29.917250
296.000000 30.105554
297.000000 29.974004
298.000000 29.886656
299.000000 29.830761
300.000000 29.797598
301.000000 29.779745
302.000000 29.771445
303.000000 29.768523
304.000000 30.019173
305.000000 29.931318
306.000000 30.122958
307.000000 30.243296
308.000000 30.314646
309.000000 30.352403
310.000000 30.367244
311.000000 30.366605
312.000000 30.356923
313.000000 30.092032
314.000000 29.915713
315.000000 29.801186
316.000000 29.730047
317.000000 29.689456
318.000000 29.670325
319.000000 29.666134
320.000000 29.672161
321.000000 29.683725
322.000000 29.697069
323.000000 29.709580
324.000000 29.719682
325.000000 29.726627
326.000000 29.730266
327.000000 29.980644
328.000000 30.137784
329.000000 30.231527
330.000000 30.282430
331.000000 30.304654
332.000000 30.307932
333.000000 30.298935
334.000000 30.282212
335.000000 30.262076
336.000000 30.241830
337.000000 30.223627
338.000000 30.208621
339.000000 30.197206
340.000000 30.189265
341.000000 30.184366
342.000000 30.181923
343.000000 30.181307
344.000000 30.181927
345.000000 30.183277
346.000000 30.184955
347.000000 30.186672
348.000000 30.188237
349.000000 30.189541
350.000000 30.190544
351.000000 30.191249
352.000000 30.191690
353.000000 30.191913
354.000000 30.191974
355.000000 30.191922
356.000000 30.191802
357.000000 30.191649
358.000000 30.191490
359.000000 30.191342
360.000000 29.941407
361.000000 29.782135
362.000000 29.684250
363.000000 29.877572
364.000000 30.008013
365.000000 30.095535
366.000000 30.153779
367.000000 29.942257
368.000000 30.056351
369.000000 29.879647
370.000000 29.764060
371.000000 29.689662
372.000000 29.893405
373.000000 30.026372
374.000000 30.112107
375.000000 30.165376
376.000000 30.196964
377.000000 30.213283
378.000000 30.218352
379.000000 30.214890
380.000000 30.206125
381.000000 30.194866
382.000000 30.183199
383.000000 30.172484
384.000000 30.163480
385.000000 30.156493
386.000000 30.151515
387.000000 30.148336
388.000000 30.146638
389.000000 30.146063
390.000000 30.146269
391.000000 30.146953
392.000000 30.147873
393.000000 30.148849
394.000000 30.149759
395.000000 30.150533
396.000000 30.151137
397.000000 30.151570
398.000000 30.151847
399.000000 29.902186
400.000000 29.743063
401.000000 29.645231
402.000000 29.588732
403.000000 29.559946
404.000000 29.549583
405.000000 29.551312
406.000000 29.311016
407.000000 29.164971
408.000000 29.330480
409.000000 29.444980
410.000000 29.522933
411.000000 29.574583
412.000000 29.607299
413.000000 29.626448
414.000000 29.634741
415.000000 29.633856
416.000000 29.626392
417.000000 29.614894
418.000000 29.601449
419.000000 29.587581
420.000000 29.574295
421.000000 29.562168
422.000000 29.551455
423.000000 29.542176
424.000000 29.534197
425.000000 29.527299
426.000000 29.521231
427.000000 29.515745
428.000000 29.510624
429.000000 29.505690
430.000000 29.500809
431.000000 29.495890
432.000000 29.490879
433.000000 29.485751
434.000000 29.480499
435.000000 29.475136
436.000000 29.469677
437.000000 29.464144
438.000000 29.458559
439.000000 29.452941
440.000000 29.447304
441.000000 29.441661
442.000000 29.436021
443.000000 29.430387
444.000000 29.424764
445.000000 29.419150
446.000000 29.413547
447.000000 29.407952
448.000000 29.402363
449.000000 29.396779
450.000000 50.208465
451.000000 63.467073
452.000000 71.612138
453.000000 76.309131
454.000000 78.694800
455.000000 79.544615
456.000000 79.387112
457.000000 78.581985
458.000000 77.476941
459.000000 76.341026
460.000000 75.351965
461.000000 74.357398
462.000000 73.484079
463.000000 72.745745
464.000000 72.208705
465.000000 71.850640
466.000000 71.345980
467.000000 71.054897
468.000000 70.659158
469.000000 70.154732
470.000000 69.619797
471.000000 69.020191
472.000000 68.417199
473.000000 67.767953
474.000000 67.128038
475.000000 66.451036
476.000000 65.790545
477.000000 65.097481
478.000000 64.423078
479.000000 63.466686
480.000000 62.577197
481.000000 61.522417
482.000000 60.569370
483.000000 59.973382
484.000000 59.312510
485.000000 58.645464
486.000000 57.927188
487.000000 56.961045
488.000000 56.038097
489.000000 55.179509
490.000000 54.564212
491.000000 53.890393
492.000000 53.129526
493.000000 52.597920
494.000000 51.957302
495.000000 51.195901
496.000000 50.640328
497.000000 49.917494
498.000000 49.370774
499.000000 48.680737
500.000000 48.099313
501.000000 47.373941
502.000000 46.800449
503.000000 46.277641
504.000000 45.822904
505.000000 45.404720
506.000000 45.002759
507.000000 44.561750
508.000000 44.379776
509.000000 44.105723
510.000000 43.762448
511.000000 43.366521
512.000000 43.180160
513.000000 42.830779
514.000000 42.661529
515.000000 42.602321
516.000000 42.357634
517.000000 42.237900
518.000000 41.944178
519.000000 41.783687
520.000000 41.456060
521.000000 41.267507
522.000000 41.166594
523.000000 41.119697
524.000000 41.353877
525.000000 41.514003
526.000000 41.619123
527.000000 41.682836
528.000000 41.464269
529.000000 41.560286
530.000000 41.606538
531.000000 41.866698
532.000000 42.011855
533.000000 42.330042
534.000000 42.507375
535.000000 42.591348
536.000000 42.904456
537.000000 43.071304
538.000000 43.141060
539.000000 43.398228
540.000000 43.526215
541.000000 43.821305
542.000000 43.974650
543.000000 44.036463
544.000000 44.041651
545.000000 44.013674
546.000000 44.217530
547.000000 44.323437
548.000000 44.367429
549.000000 44.374508
550.000000 44.361243
551.000000 44.338067
552.000000 44.311149
553.000000 44.575263
554.000000 44.736008
555.000000 45.079070
556.000000 45.288031
557.000000 45.408026
558.000000 45.719161
559.000000 45.901248
560.000000 45.997050
561.000000 46.036952
562.000000 46.041977
563.000000 46.027531
564.000000 46.004139
565.000000 46.228290
566.000000 46.364639
567.000000 46.445612
568.000000 46.492622
569.000000 46.519450
570.000000 46.534699
571.000000 46.543557
572.000000 46.549012
573.000000 46.553939
574.000000 46.560420
575.000000 46.569650
576.000000 46.582098
577.000000 46.597717
578.000000 46.616146
579.000000 46.636867
580.000000 46.659315
581.000000 46.682949
582.000000 46.707302
583.000000 46.731997
584.000000 46.756759
585.000000 46.531597
586.000000 46.396849
587.000000 46.323194
588.000000 46.290646
589.000000 46.535398
590.000000 46.707742
591.000000 46.830658
592.000000 46.919862
593.000000 46.984862
594.000000 47.031770
595.000000 47.064819
596.000000 47.087174
597.000000 46.852775
598.000000 46.705373
599.000000 46.618208
600.000000 46.573004
601.000000 46.557140
602.000000 46.311990
603.000000 46.171756
604.000000 46.102688
605.000000 46.080318
606.000000 46.087402
607.000000 46.112122
608.000000 45.896814
609.000000 45.776891
610.000000 45.718758
611.000000 45.699433
612.000000 45.703587
613.000000 45.721289
614.000000 45.746311
615.000000 45.774907
616.000000 45.803696
617.000000 45.830308
618.000000 45.853422
619.000000 45.581127
620.000000 45.410728
621.000000 45.308553
622.000000 45.251933
623.000000 45.225651
624.000000 45.219502
625.000000 45.226647
626.000000 45.242494
627.000000 45.262497
628.000000 45.033293
629.000000 44.892957
630.000000 44.810897
631.000000 44.766618
632.000000 44.746527
633.000000 44.741709
634.000000 44.746396
635.000000 44.756905
636.000000 44.769670
637.000000 44.781989
638.000000 44.792154
639.000000 44.799306
640.000000 44.803221
641.000000 44.804093
642.000000 44.802354
643.000000 44.798550
644.000000 44.793243
645.000000 44.786947
646.000000 45.029902
647.000000 44.932192
648.000000 44.863773
649.000000 45.065315
650.000000 45.190110
651.000000 45.013315
652.000000 44.892385
653.000000 45.059434
654.000000 45.163149
655.000000 45.224514
656.000000 45.257385
657.000000 45.563674
658.000000 45.753647
659.000000 45.865235
660.000000 46.173494
661.000000 46.106393
662.000000 46.046444
663.000000 46.242910
664.000000 46.354816
665.000000 46.162490
666.000000 46.027179
667.000000 45.933536
668.000000 45.871817
669.000000 45.833962
670.000000 45.813485
671.000000 45.806528
672.000000 45.810408
673.000000 46.071528
674.000000 45.996494
675.000000 45.952531
676.000000 45.928574
677.000000 45.917157
678.000000 45.913342
679.000000 45.913953
680.000000 45.917023
681.000000 45.922634
682.000000 45.930157
683.000000 45.938831
684.000000 45.656569
685.000000 45.480092
686.000000 45.374956
687.000000 45.317690
688.000000 45.292323
689.000000 45.288007
690.000000 45.297394
691.000000 45.315522
692.000000 45.337604
693.000000 45.359951
694.000000 45.380140
695.000000 45.396861
696.000000 45.409645
697.000000 45.418604
698.000000 45.424196
699.000000 45.427060
700.000000 45.427885
701.000000 45.427324
702.000000 45.425900
703.000000 45.424048
704.000000 45.422098
705.000000 45.420272
706.000000 45.418704
707.000000 45.417454
708.000000 45.416527
709.000000 45.415894
710.000000 45.415509
711.000000 45.415315
712.000000 45.415257
713.000000 45.415285
714.000000 45.415359
715.000000 45.415448
716.000000 45.415530
717.000000 45.415593
718.000000 45.165821
719.000000 45.256467
720.000000 45.317812
721.000000 45.359150
722.000000 45.386830
723.000000 45.696634
724.000000 45.602904
725.000000 45.539007
726.000000 45.494253
727.000000 45.462188
728.000000 45.438850
729.000000 45.421746
730.000000 45.409249
731.000000 45.401696
732.000000 45.398294
733.000000 45.397927
734.000000 45.399518
735.000000 45.402181
736.000000 45.405250
737.000000 45.408264
738.000000 45.410934
739.000000 45.413105
740.000000 45.706174
741.000000 45.601539
742.000000 45.530608
743.000000 45.482635
744.000000 45.450314
745.000000 45.428676
746.000000 45.414339
747.000000 45.404996
748.000000 45.400522
749.000000 45.399843
750.000000 45.401694
751.000000 45.404957
752.000000 45.408771
753.000000 45.412542
754.000000 45.415899
755.000000 45.168840
756.000000 45.011746
757.000000 44.915368
758.000000 44.859805
759.000000 44.831528
760.000000 44.821349
761.000000 44.823035
762.000000 44.832363
763.000000 44.845234
764.000000 44.858473
765.000000 45.119787
766.000000 45.287584
767.000000 45.390709
768.000000 45.449221
769.000000 45.768575
770.000000 45.961427
771.000000 46.068851
772.000000 46.119035
773.000000 46.132543
774.000000 46.123842
775.000000 46.102742
776.000000 46.075634
777.000000 45.756482
778.000000 45.546209
779.000000 45.412768
780.000000 45.083830
781.000000 44.883796
782.000000 44.771839
783.000000 44.719598
784.000000 44.707333
785.000000 44.969672
786.000000 45.155193
787.000000 45.285673
788.000000 45.375054
789.000000 45.432908
790.000000 45.757741
791.000000 45.957907
792.000000 46.072077
793.000000 46.128553
794.000000 46.147594
795.000000 45.851948
796.000000 45.648498
797.000000 45.509528
798.000000 45.417286
799.000000 45.359799
800.000000 45.328526
801.000000 45.067238
802.000000 44.911371
803.000000 44.826204
804.000000 44.787091
805.000000 44.776896
806.000000 44.783967
807.000000 44.800597
808.000000 44.821856
809.000000 44.843499
810.000000 44.862577
811.000000 44.877437
812.000000 45.137280
813.000000 45.051973
814.000000 44.991802
815.000000 44.948262
816.000000 44.915855
817.000000 44.891045
818.000000 44.871561
819.000000 44.855922
820.000000 44.844385
821.000000 44.836271
822.000000 44.830633
823.000000 44.826569
824.000000 45.073148
825.000000 45.229378
826.000000 45.324158
827.000000 45.377245
828.000000 45.402160
829.000000 45.408179
830.000000 45.401671
831.000000 45.678456
832.000000 45.845600
833.000000 45.940566
834.000000 45.988878
835.000000 46.007683
836.000000 46.008318
837.000000 45.706705
838.000000 45.504703
839.000000 45.372498
840.000000 45.289953
841.000000 45.243078
842.000000 44.972082
843.000000 45.059929
844.000000 45.131490
845.000000 45.190545
846.000000 45.238926
847.000000 45.277740
848.000000 45.307930
849.000000 45.080667
850.000000 44.936215
851.000000 44.846408
852.000000 44.792816
853.000000 44.513562
854.000000 44.341156
855.000000 44.241081
856.000000 44.189848
857.000000 44.170196
858.000000 44.169926
859.000000 44.180716
860.000000 44.197104
861.000000 44.214423
862.000000 44.229403
863.000000 44.240162
864.000000 44.245942
865.000000 44.246782
866.000000 44.243221
867.000000 44.485859
868.000000 44.635132
869.000000 44.721158
870.000000 44.764658
871.000000 45.029670
872.000000 44.935685
873.000000 45.108865
874.000000 45.203964
875.000000 45.248158
876.000000 45.260332
877.000000 45.253256
878.000000 45.235315
879.000000 45.213066
880.000000 45.189738
881.000000 45.167962
882.000000 45.149408
883.000000 45.134844
884.000000 45.124345
885.000000 45.117535
886.000000 45.113786
887.000000 45.112383
888.000000 45.112625
889.000000 45.113896
890.000000 45.115694
891.000000 44.867834
892.000000 44.710506
893.000000 44.614278
894.000000 44.559094
895.000000 44.531300
896.000000 44.521617
897.000000 44.523755
898.000000 44.533455
899.000000 44.546605
