0.000000 32.680000
1.000000 32.930000
2.000000 32.930000
3.000000 32.930000
4.000000 32.930000
5.000000 33.000000
6.000000 33.000000
7.000000 33.000000
8.000000 33.000000
9.000000 33.000000
10.000000 33.060000
11.000000 33.060000
12.000000 33.060000
13.000000 33.120000
14.000000 33.120000
15.000000 33.180000
16.000000 33.180000
17.000000 33.250000
18.000000 33.310000
19.000000 33.310000
20.000000 33.370000
21.000000 33.430000
22.000000 33.500000
23.000000 33.500000
24.000000 33.560000
25.000000 33.620000
26.000000 33.680000
27.000000 33.750000
28.000000 33.810000
29.000000 33.810000
30.000000 33.870000
31.000000 33.930000
32.000000 34.000000
33.000000 34.060000
34.000000 34.120000
35.000000 34.250000
36.000000 34.250000
37.000000 34.310000
38.000000 34.370000
39.000000 34.430000
40.000000 34.500000
41.000000 34.500000
42.000000 34.560000
43.000000 34.620000
44.000000 34.680000
45.000000 34.680000
46.000000 34.750000
47.000000 34.750000
48.000000 34.810000
49.000000 34.810000
50.000000 34.870000
51.000000 34.870000
52.000000 34.930000
53.000000 34.930000
54.000000 34.930000
55.000000 35.000000
56.000000 35.000000
57.000000 35.060000
58.000000 35.060000
59.000000 35.060000
60.000000 35.120000
61.000000 35.120000
62.000000 35.120000
63.000000 35.120000
64.000000 35.180000
65.000000 35.180000
66.000000 35.180000
67.000000 35.180000
68.000000 35.180000
69.000000 35.180000
70.000000 35.180000
71.000000 35.250000
72.000000 35.250000
73.000000 35.250000
74.000000 35.250000
75.000000 35.250000
76.000000 35.180000
77.000000 35.180000
78.000000 35.180000
79.000000 35.180000
80.000000 35.180000
81.000000 35.180000
82.000000 35.180000
83.000000 35.180000
84.000000 35.180000
85.000000 35.180000
86.000000 35.120000
87.000000 35.120000
88.000000 35.120000
89.000000 35.120000
90.000000 35.120000
91.000000 35.060000
92.000000 35.060000
93.000000 35.060000
94.000000 35.060000
95.000000 35.060000
96.000000 35.060000
97.000000 35.060000
98.000000 35.060000
99.000000 35.060000
100.000000 35.060000
101.000000 35.000000
102.000000 35.000000
103.000000 35.000000
104.000000 35.000000
105.000000 34.930000
106.000000 34.930000
107.000000 34.930000
108.000000 34.930000
109.000000 34.930000
110.000000 34.930000
111.000000 34.930000
112.000000 34.930000
113.000000 34.930000
114.000000 34.870000
115.000000 34.870000
116.000000 34.870000
117.000000 34.870000
118.000000 34.870000
119.000000 34.870000
120.000000 34.870000
121.000000 34.870000
122.000000 34.870000
123.000000 34.870000
124.000000 34.870000
125.000000 34.870000
126.000000 34.930000
127.000000 34.930000
128.000000 34.930000
129.000000 34.930000
130.000000 34.870000
131.000000 34.870000
132.000000 34.870000
133.000000 34.870000
134.000000 34.870000
135.000000 34.870000
136.000000 34.870000
137.000000 34.870000
138.000000 34.930000
139.000000 34.930000
140.000000 34.930000
141.000000 34.930000
142.000000 34.930000
143.000000 34.930000
144.000000 34.930000
145.000000 34.930000
146.000000 34.930000
147.000000 34.930000
148.000000 34.930000
149.000000 34.930000
150.000000 34.930000
151.000000 34.930000
152.000000 34.930000
153.000000 34.930000
154.000000 34.930000
155.000000 34.930000
156.000000 34.930000
157.000000 35.000000
158.000000 35.000000
159.000000 35.000000
160.000000 35.000000
161.000000 35.000000
162.000000 35.000000
163.000000 35.000000
164.000000 35.000000
165.000000 35.000000
166.000000 35.000000
167.000000 35.000000
168.000000 35.000000
169.000000 35.000000
170.000000 35.000000
171.000000 35.000000
172.000000 35.000000
173.000000 35.000000
174.000000 35.000000
175.000000 35.000000
176.000000 35.000000
177.000000 35.000000
178.000000 35.000000
179.000000 35.000000
180.000000 35.000000
181.000000 35.000000
182.000000 35.000000
183.000000 35.060000
184.000000 35.060000
185.000000 35.060000
186.000000 35.060000
187.000000 35.060000
188.000000 35.060000
189.000000 35.060000
190.000000 35.120000
191.000000 35.120000
192.000000 35.120000
193.000000 35.120000
194.000000 35.120000
195.000000 35.120000
196.000000 35.120000
197.000000 35.120000
198.000000 35.120000
199.000000 35.120000
200.000000 35.120000
201.000000 35.120000
202.000000 35.120000
203.000000 35.120000
204.000000 35.120000
205.000000 35.120000
206.000000 35.120000
207.000000 35.120000
208.000000 35.120000
209.000000 35.120000
210.000000 35.120000
211.000000 35.120000
212.000000 35.060000
213.000000 35.120000
214.000000 35.060000
215.000000 35.060000
216.000000 35.060000
217.000000 35.060000
218.000000 35.060000
219.000000 35.060000
220.000000 35.060000
221.000000 35.060000
222.000000 35.060000
223.000000 35.060000
224.000000 35.060000
225.000000 35.060000
226.000000 35.060000
227.000000 35.060000
228.000000 35.000000
229.000000 35.000000
230.000000 35.000000
231.000000 35.000000
232.000000 35.000000
233.000000 35.000000
234.000000 35.000000
235.000000 35.000000
236.000000 35.000000
237.000000 35.000000
238.000000 35.000000
239.000000 34.930000
240.000000 34.930000
241.000000 34.930000
242.000000 34.930000
243.000000 34.930000
244.000000 34.870000
245.000000 34.930000
246.000000 34.930000
247.000000 34.930000
248.000000 34.930000
249.000000 34.930000
250.000000 34.930000
251.000000 34.930000
252.000000 34.930000
253.000000 34.930000
254.000000 34.930000
255.000000 35.000000
256.000000 35.000000
257.000000 35.000000
258.000000 35.000000
259.000000 35.000000
260.000000 35.000000
261.000000 35.000000
262.000000 35.000000
263.000000 35.000000
264.000000 35.000000
265.000000 35.000000
266.000000 35.060000
267.000000 35.060000
268.000000 35.000000
269.000000 35.000000
270.000000 35.000000
271.000000 35.000000
272.000000 35.060000
273.000000 35.060000
274.000000 35.060000
275.000000 35.060000
276.000000 35.060000
277.000000 35.060000
278.000000 35.060000
279.000000 35.060000
280.000000 35.060000
281.000000 35.060000
282.000000 35.060000
283.000000 35.060000
284.000000 35.060000
285.000000 35.000000
286.000000 35.060000
287.000000 35.060000
288.000000 35.060000
289.000000 35.060000
290.000000 35.000000
291.000000 35.000000
292.000000 35.000000
293.000000 35.060000
294.000000 35.060000
295.000000 35.060000
296.000000 35.000000
297.000000 35.060000
298.000000 35.060000
299.000000 35.060000
300.000000 35.060000
301.000000 35.060000
302.000000 35.060000
303.000000 35.060000
304.000000 35.000000
305.000000 35.060000
306.000000 35.000000
307.000000 35.000000
308.000000 35.000000
309.000000 35.000000
310.000000 35.000000
311.000000 35.000000
312.000000 35.000000
313.000000 35.060000
314.000000 35.060000
315.000000 35.060000
316.000000 35.060000
317.000000 35.060000
318.000000 35.060000
319.000000 35.060000
320.000000 35.060000
321.000000 35.060000
322.000000 35.060000
323.000000 35.060000
324.000000 35.060000
325.000000 35.060000
326.000000 35.060000
327.000000 35.000000
328.000000 35.000000
329.000000 35.000000
330.000000 35.000000
331.000000 35.000000
332.000000 35.000000
333.000000 35.000000
334.000000 35.000000
335.000000 35.000000
336.000000 35.000000
337.000000 35.000000
338.000000 35.000000
339.000000 35.000000
340.000000 35.000000
341.000000 35.000000
342.000000 35.000000
343.000000 35.000000
344.000000 35.000000
345.000000 35.000000
346.000000 35.000000
347.000000 35.000000
348.000000 35.000000
349.000000 35.000000
350.000000 35.000000
351.000000 35.000000
352.000000 35.000000
353.000000 35.000000
354.000000 35.000000
355.000000 35.000000
356.000000 35.000000
357.000000 35.000000
358.000000 35.000000
359.000000 35.000000
360.000000 35.060000
361.000000 35.060000
362.000000 35.060000
363.000000 35.000000
364.000000 35.000000
365.000000 35.000000
366.000000 35.000000
367.000000 35.060000
368.000000 35.000000
369.000000 35.060000
370.000000 35.060000
371.000000 35.060000
372.000000 35.000000
373.000000 35.000000
374.000000 35.000000
375.000000 35.000000
376.000000 35.000000
377.000000 35.000000
378.000000 35.000000
379.000000 35.000000
380.000000 35.000000
381.000000 35.000000
382.000000 35.000000
383.000000 35.000000
384.000000 35.000000
385.000000 35.000000
386.000000 35.000000
387.000000 35.000000
388.000000 35.000000
389.000000 35.000000
390.000000 35.000000
391.000000 35.000000
392.000000 35.000000
393.000000 35.000000
394.000000 35.000000
395.000000 35.000000
396.000000 35.000000
397.000000 35.000000
398.000000 35.000000
399.000000 35.060000
400.000000 35.060000
401.000000 35.060000
402.000000 35.060000
403.000000 35.060000
404.000000 35.060000
405.000000 35.060000
406.000000 35.120000
407.000000 35.120000
408.000000 35.060000
409.000000 35.060000
410.000000 35.060000
411.000000 35.060000
412.000000 35.060000
413.000000 35.060000
414.000000 35.060000
415.000000 35.060000
416.000000 35.060000
417.000000 35.060000
418.000000 35.060000
419.000000 35.060000
420.000000 35.060000
421.000000 35.060000
422.000000 35.060000
423.000000 35.060000
424.000000 35.060000
425.000000 35.060000
426.000000 35.060000
427.000000 35.060000
428.000000 35.060000
429.000000 35.060000
430.000000 35.060000
431.000000 35.060000
432.000000 35.060000
433.000000 35.060000
434.000000 35.060000
435.000000 35.060000
436.000000 35.060000
437.000000 35.060000
438.000000 35.060000
439.000000 35.060000
440.000000 35.060000
441.000000 35.060000
442.000000 35.060000
443.000000 35.060000
444.000000 35.060000
445.000000 35.060000
446.000000 35.060000
447.000000 35.060000
448.000000 35.060000
449.000000 35.060000
450.000000 35.060000
451.000000 35.060000
452.000000 35.060000
453.000000 35.060000
454.000000 35.060000
455.000000 35.060000
456.000000 35.060000
457.000000 35.060000
458.000000 35.060000
459.000000 35.060000
460.000000 35.060000
461.000000 35.120000
462.000000 35.180000
463.000000 35.250000
464.000000 35.310000
465.000000 35.370000
466.000000 35.500000
467.000000 35.560000
468.000000 35.680000
469.000000 35.810000
470.000000 35.930000
471.000000 36.060000
472.000000 36.180000
473.000000 36.310000
474.000000 36.430000
475.000000 36.560000
476.000000 36.680000
477.000000 36.810000
478.000000 36.930000
479.000000 37.120000
480.000000 37.250000
481.000000 37.430000
482.000000 37.560000
483.000000 37.620000
484.000000 37.750000
485.000000 37.870000
486.000000 38.000000
487.000000 38.180000
488.000000 38.310000
489.000000 38.430000
490.000000 38.500000
491.000000 38.620000
492.000000 38.750000
493.000000 38.810000
494.000000 38.930000
495.000000 39.060000
496.000000 39.120000
497.000000 39.250000
498.000000 39.310000
499.000000 39.430000
500.000000 39.500000
501.000000 39.620000
502.000000 39.680000
503.000000 39.750000
504.000000 39.810000
505.000000 39.870000
506.000000 39.930000
507.000000 40.000000
508.000000 40.000000
509.000000 40.060000
510.000000 40.120000
511.000000 40.180000
512.000000 40.180000
513.000000 40.250000
514.000000 40.250000
515.000000 40.250000
516.000000 40.310000
517.000000 40.310000
518.000000 40.370000
519.000000 40.370000
520.000000 40.430000
521.000000 40.430000
522.000000 40.430000
523.000000 40.430000
524.000000 40.370000
525.000000 40.370000
526.000000 40.370000
527.000000 40.370000
528.000000 40.430000
529.000000 40.370000
530.000000 40.370000
531.000000 40.310000
532.000000 40.310000
533.000000 40.250000
534.000000 40.250000
535.000000 40.250000
536.000000 40.180000
537.000000 40.180000
538.000000 40.180000
539.000000 40.120000
540.000000 40.120000
541.000000 40.060000
542.000000 40.060000
543.000000 40.060000
544.000000 40.060000
545.000000 40.060000
546.000000 40.000000
547.000000 40.000000
548.000000 40.000000
549.000000 40.000000
550.000000 40.000000
551.000000 40.000000
552.000000 40.000000
553.000000 39.930000
554.000000 39.930000
555.000000 39.870000
556.000000 39.870000
557.000000 39.870000
558.000000 39.810000
559.000000 39.810000
560.000000 39.810000
561.000000 39.810000
562.000000 39.810000
563.000000 39.810000
564.000000 39.810000
565.000000 39.750000
566.000000 39.750000
567.000000 39.750000
568.000000 39.750000
569.000000 39.750000
570.000000 39.750000
571.000000 39.750000
572.000000 39.750000
573.000000 39.750000
574.000000 39.750000
575.000000 39.750000
576.000000 39.750000
577.000000 39.750000
578.000000 39.750000
579.000000 39.750000
580.000000 39.750000
581.000000 39.750000
582.000000 39.750000
583.000000 39.750000
584.000000 39.750000
585.000000 39.810000
586.000000 39.810000
587.000000 39.810000
588.000000 39.810000
589.000000 39.750000
590.000000 39.750000
591.000000 39.750000
592.000000 39.750000
593.000000 39.750000
594.000000 39.750000
595.000000 39.750000
596.000000 39.750000
597.000000 39.810000
598.000000 39.810000
599.000000 39.810000
600.000000 39.810000
601.000000 39.810000
602.000000 39.870000
603.000000 39.870000
604.000000 39.870000
605.000000 39.870000
606.000000 39.870000
607.000000 39.870000
608.000000 39.930000
609.000000 39.930000
610.000000 39.930000
611.000000 39.930000
612.000000 39.930000
613.000000 39.930000
614.000000 39.930000
615.000000 39.930000
616.000000 39.930000
617.000000 39.930000
618.000000 39.930000
619.000000 40.000000
620.000000 40.000000
621.000000 40.000000
622.000000 40.000000
623.000000 40.000000
624.000000 40.000000
625.000000 40.000000
626.000000 40.000000
627.000000 40.000000
628.000000 40.060000
629.000000 40.060000
630.000000 40.060000
631.000000 40.060000
632.000000 40.060000
633.000000 40.060000
634.000000 40.060000
635.000000 40.060000
636.000000 40.060000
637.000000 40.060000
638.000000 40.060000
639.000000 40.060000
640.000000 40.060000
641.000000 40.060000
642.000000 40.060000
643.000000 40.060000
644.000000 40.060000
645.000000 40.060000
646.000000 40.000000
647.000000 40.060000
648.000000 40.060000
649.000000 40.000000
650.000000 40.000000
651.000000 40.060000
652.000000 40.060000
653.000000 40.000000
654.000000 40.000000
655.000000 40.000000
656.000000 40.000000
657.000000 39.930000
658.000000 39.930000
659.000000 39.930000
660.000000 39.870000
661.000000 39.930000
662.000000 39.930000
663.000000 39.870000
664.000000 39.870000
665.000000 39.930000
666.000000 39.930000
667.000000 39.930000
668.000000 39.930000
669.000000 39.930000
670.000000 39.930000
671.000000 39.930000
672.000000 39.930000
673.000000 39.870000
674.000000 39.930000
675.000000 39.930000
676.000000 39.930000
677.000000 39.930000
678.000000 39.930000
679.000000 39.930000
680.000000 39.930000
681.000000 39.930000
682.000000 39.930000
683.000000 39.930000
684.000000 40.000000
685.000000 40.000000
686.000000 40.000000
687.000000 40.000000
688.000000 40.000000
689.000000 40.000000
690.000000 40.000000
691.000000 40.000000
692.000000 40.000000
693.000000 40.000000
694.000000 40.000000
695.000000 40.000000
696.000000 40.000000
697.000000 40.000000
698.000000 40.000000
699.000000 40.000000
700.000000 40.000000
701.000000 40.000000
702.000000 40.000000
703.000000 40.000000
704.000000 40.000000
705.000000 40.000000
706.000000 40.000000
707.000000 40.000000
708.000000 40.000000
709.000000 40.000000
710.000000 40.000000
711.000000 40.000000
712.000000 40.000000
713.000000 40.000000
714.000000 40.000000
715.000000 40.000000
716.000000 40.000000
717.000000 40.000000
718.000000 40.060000
719.000000 40.000000
720.000000 40.000000
721.000000 40.000000
722.000000 40.000000
723.000000 39.930000
724.000000 40.000000
725.000000 40.000000
726.000000 40.000000
727.000000 40.000000
728.000000 40.000000
729.000000 40.000000
730.000000 40.000000
731.000000 40.000000
732.000000 40.000000
733.000000 40.000000
734.000000 40.000000
735.000000 40.000000
736.000000 40.000000
737.000000 40.000000
738.000000 40.000000
739.000000 40.000000
740.000000 39.930000
741.000000 40.000000
742.000000 40.000000
743.000000 40.000000
744.000000 40.000000
745.000000 40.000000
746.000000 40.000000
747.000000 40.000000
748.000000 40.000000
749.000000 40.000000
750.000000 40.000000
751.000000 40.000000
752.000000 40.000000
753.000000 40.000000
754.000000 40.000000
755.000000 40.060000
756.000000 40.060000
757.000000 40.060000
758.000000 40.060000
759.000000 40.060000
760.000000 40.060000
761.000000 40.060000
762.000000 40.060000
763.000000 40.060000
764.000000 40.060000
765.000000 40.000000
766.000000 40.000000
767.000000 40.000000
768.000000 40.000000
769.000000 39.930000
770.000000 39.930000
771.000000 39.930000
772.000000 39.930000
773.000000 39.930000
774.000000 39.930000
775.000000 39.930000
776.000000 39.930000
777.000000 40.000000
778.000000 40.000000
779.000000 40.000000
780.000000 40.060000
781.000000 40.060000
782.000000 40.060000
783.000000 40.060000
784.000000 40.060000
785.000000 40.000000
786.000000 40.000000
787.000000 40.000000
788.000000 40.000000
789.000000 40.000000
790.000000 39.930000
791.000000 39.930000
792.000000 39.930000
793.000000 39.930000
794.000000 39.930000
795.000000 40.000000
796.000000 40.000000
797.000000 40.000000
798.000000 40.000000
799.000000 40.000000
800.000000 40.000000
801.000000 40.060000
802.000000 40.060000
803.000000 40.060000
804.000000 40.060000
805.000000 40.060000
806.000000 40.060000
807.000000 40.060000
808.000000 40.060000
809.000000 40.060000
810.000000 40.060000
811.000000 40.060000
812.000000 40.000000
813.000000 40.060000
814.000000 40.060000
815.000000 40.060000
816.000000 40.060000
817.000000 40.060000
818.000000 40.060000
819.000000 40.060000
820.000000 40.060000
821.000000 40.060000
822.000000 40.060000
823.000000 40.060000
824.000000 40.000000
825.000000 40.000000
826.000000 40.000000
827.000000 40.000000
828.000000 40.000000
829.000000 40.000000
830.000000 40.000000
831.000000 39.930000
832.000000 39.930000
833.000000 39.930000
834.000000 39.930000
835.000000 39.930000
836.000000 39.930000
837.000000 40.000000
838.000000 40.000000
839.000000 40.000000
840.000000 40.000000
841.000000 40.000000
842.000000 40.060000
843.000000 40.000000
844.000000 40.000000
845.000000 40.000000
846.000000 40.000000
847.000000 40.000000
848.000000 40.000000
849.000000 40.060000
850.000000 40.060000
851.000000 40.060000
852.000000 40.060000
853.000000 40.120000
854.000000 40.120000
855.000000 40.120000
856.000000 40.120000
857.000000 40.120000
858.000000 40.120000
859.000000 40.120000
860.000000 40.120000
861.000000 40.120000
862.000000 40.120000
863.000000 40.120000
864.000000 40.120000
865.000000 40.120000
866.000000 40.120000
867.000000 40.060000
868.000000 40.060000
869.000000 40.060000
870.000000 40.060000
871.000000 40.000000
872.000000 40.060000
873.000000 40.000000
874.000000 40.000000
875.000000 40.000000
876.000000 40.000000
877.000000 40.000000
878.000000 40.000000
879.000000 40.000000
880.000000 40.000000
881.000000 40.000000
882.000000 40.000000
883.000000 40.000000
884.000000 40.000000
885.000000 40.000000
886.000000 40.000000
887.000000 40.000000
888.000000 40.000000
889.000000 40.000000
890.000000 40.000000
891.000000 40.060000
892.000000 40.060000
893.000000 40.060000
894.000000 40.060000
895.000000 40.060000
896.000000 40.060000
897.000000 40.060000
898.000000 40.060000
899.000000 40.060000
