0.000000 32.680000
1.000000 32.810000
2.000000 32.810000
3.000000 32.810000
4.000000 32.810000
5.000000 32.870000
6.000000 32.870000
7.000000 32.870000
8.000000 32.870000
9.000000 32.870000
10.000000 32.870000
11.000000 32.870000
12.000000 32.870000
13.000000 32.930000
14.000000 32.930000
15.000000 32.930000
16.000000 33.000000
17.000000 33.060000
18.000000 33.060000
19.000000 33.060000
20.000000 33.120000
21.000000 33.120000
22.000000 33.180000
23.000000 33.250000
24.000000 33.310000
25.000000 33.370000
26.000000 33.370000
27.000000 33.430000
28.000000 33.500000
29.000000 33.500000
30.000000 33.560000
31.000000 33.620000
32.000000 33.680000
33.000000 33.750000
34.000000 33.810000
35.000000 33.870000
36.000000 33.870000
37.000000 33.930000
38.000000 34.000000
39.000000 34.060000
40.000000 34.120000
41.000000 34.180000
42.000000 34.250000
43.000000 34.250000
44.000000 34.310000
45.000000 34.370000
46.000000 34.430000
47.000000 34.500000
48.000000 34.500000
49.000000 34.560000
50.000000 34.620000
51.000000 34.620000
52.000000 34.680000
53.000000 34.750000
54.000000 34.750000
55.000000 34.750000
56.000000 34.810000
57.000000 34.810000
58.000000 34.870000
59.000000 34.870000
60.000000 34.930000
61.000000 34.930000
62.000000 34.930000
63.000000 34.930000
64.000000 35.000000
65.000000 34.930000
66.000000 34.930000
67.000000 35.000000
68.000000 35.000000
69.000000 35.000000
70.000000 34.930000
71.000000 35.000000
72.000000 35.000000
73.000000 35.000000
74.000000 35.000000
75.000000 35.000000
76.000000 35.000000
77.000000 35.000000
78.000000 35.060000
79.000000 35.060000
80.000000 35.060000
81.000000 35.060000
82.000000 35.060000
83.000000 35.060000
84.000000 35.060000
85.000000 35.060000
86.000000 35.060000
87.000000 35.060000
88.000000 35.120000
89.000000 35.120000
90.000000 35.120000
91.000000 35.120000
92.000000 35.120000
93.000000 35.120000
94.000000 35.120000
95.000000 35.120000
96.000000 35.120000
97.000000 35.120000
98.000000 35.120000
99.000000 35.120000
100.000000 35.120000
101.000000 35.120000
102.000000 35.120000
103.000000 35.120000
104.000000 35.120000
105.000000 35.120000
106.000000 35.120000
107.000000 35.120000
108.000000 35.120000
109.000000 35.060000
110.000000 35.060000
111.000000 35.060000
112.000000 35.000000
113.000000 35.060000
114.000000 35.000000
115.000000 35.000000
116.000000 35.000000
117.000000 35.060000
118.000000 35.060000
119.000000 35.060000
120.000000 35.060000
121.000000 35.060000
122.000000 35.000000
123.000000 35.000000
124.000000 35.060000
125.000000 35.060000
126.000000 35.000000
127.000000 35.000000
128.000000 35.000000
129.000000 35.000000
130.000000 35.000000
131.000000 34.930000
132.000000 34.930000
133.000000 34.930000
134.000000 34.930000
135.000000 34.930000
136.000000 34.930000
137.000000 34.930000
138.000000 34.930000
139.000000 34.930000
140.000000 34.930000
141.000000 34.930000
142.000000 34.930000
143.000000 34.870000
144.000000 34.870000
145.000000 34.870000
146.000000 34.870000
147.000000 34.870000
148.000000 34.930000
149.000000 34.930000
150.000000 34.930000
151.000000 34.930000
152.000000 34.930000
153.000000 34.930000
154.000000 34.930000
155.000000 34.930000
156.000000 34.930000
157.000000 34.930000
158.000000 35.000000
159.000000 35.000000
160.000000 35.000000
161.000000 35.000000
162.000000 35.000000
163.000000 35.000000
164.000000 35.000000
165.000000 35.000000
166.000000 34.930000
167.000000 34.930000
168.000000 34.930000
169.000000 34.930000
170.000000 34.930000
171.000000 34.930000
172.000000 34.930000
173.000000 34.930000
174.000000 34.930000
175.000000 34.930000
176.000000 34.930000
177.000000 34.930000
178.000000 34.930000
179.000000 35.000000
180.000000 35.000000
181.000000 35.000000
182.000000 35.000000
183.000000 35.000000
184.000000 35.000000
185.000000 35.000000
186.000000 35.060000
187.000000 35.060000
188.000000 35.060000
189.000000 35.060000
190.000000 35.060000
191.000000 35.060000
192.000000 35.060000
193.000000 35.060000
194.000000 35.060000
195.000000 35.060000
196.000000 35.060000
197.000000 35.000000
198.000000 35.000000
199.000000 35.000000
200.000000 35.000000
201.000000 35.000000
202.000000 35.000000
203.000000 35.060000
204.000000 35.060000
205.000000 35.060000
206.000000 35.060000
207.000000 35.060000
208.000000 35.060000
209.000000 35.060000
210.000000 35.060000
211.000000 35.120000
212.000000 35.120000
213.000000 35.120000
214.000000 35.120000
215.000000 35.120000
216.000000 35.120000
217.000000 35.120000
218.000000 35.120000
219.000000 35.120000
220.000000 35.120000
221.000000 35.120000
222.000000 35.120000
223.000000 35.120000
224.000000 35.120000
225.000000 35.120000
226.000000 35.120000
227.000000 35.120000
228.000000 35.060000
229.000000 35.060000
230.000000 35.060000
231.000000 35.060000
232.000000 35.060000
233.000000 35.060000
234.000000 35.060000
235.000000 35.060000
236.000000 35.060000
237.000000 35.060000
238.000000 35.060000
239.000000 35.060000
240.000000 35.060000
241.000000 35.060000
242.000000 35.060000
243.000000 35.060000
244.000000 35.060000
245.000000 35.060000
246.000000 35.120000
247.000000 35.120000
248.000000 35.120000
249.000000 35.120000
250.000000 35.120000
251.000000 35.120000
252.000000 35.060000
253.000000 35.060000
254.000000 35.060000
255.000000 35.060000
256.000000 35.060000
257.000000 35.060000
258.000000 35.000000
259.000000 35.000000
260.000000 35.000000
261.000000 35.000000
262.000000 35.000000
263.000000 35.000000
264.000000 35.000000
265.000000 35.000000
266.000000 35.000000
267.000000 35.000000
268.000000 35.000000
269.000000 35.000000
270.000000 35.000000
271.000000 35.000000
272.000000 35.000000
273.000000 35.000000
274.000000 35.000000
275.000000 35.000000
276.000000 35.000000
277.000000 35.000000
278.000000 35.000000
279.000000 35.000000
280.000000 35.000000
281.000000 35.060000
282.000000 35.060000
283.000000 35.060000
284.000000 35.060000
285.000000 35.060000
286.000000 35.060000
287.000000 35.060000
288.000000 35.060000
289.000000 35.060000
290.000000 35.060000
291.000000 35.120000
292.000000 35.120000
293.000000 35.120000
294.000000 35.120000
295.000000 35.120000
296.000000 35.120000
297.000000 35.120000
298.000000 35.120000
299.000000 35.120000
300.000000 35.120000
301.000000 35.120000
302.000000 35.120000
303.000000 35.120000
304.000000 35.120000
305.000000 35.120000
306.000000 35.120000
307.000000 35.120000
308.000000 35.120000
309.000000 35.120000
310.000000 35.120000
311.000000 35.120000
312.000000 35.120000
313.000000 35.120000
314.000000 35.120000
315.000000 35.120000
316.000000 35.120000
317.000000 35.120000
318.000000 35.120000
319.000000 35.120000
320.000000 35.120000
321.000000 35.120000
322.000000 35.120000
323.000000 35.120000
324.000000 35.120000
325.000000 35.120000
326.000000 35.120000
327.000000 35.120000
328.000000 35.120000
329.000000 35.120000
330.000000 35.120000
331.000000 35.120000
332.000000 35.120000
333.000000 35.120000
334.000000 35.060000
335.000000 35.060000
336.000000 35.060000
337.000000 35.060000
338.000000 35.060000
339.000000 35.000000
340.000000 35.000000
341.000000 35.000000
342.000000 35.000000
343.000000 35.000000
344.000000 35.000000
345.000000 35.000000
346.000000 35.000000
347.000000 35.000000
348.000000 35.000000
349.000000 35.000000
350.000000 35.000000
351.000000 35.000000
352.000000 35.000000
353.000000 34.930000
354.000000 34.930000
355.000000 34.930000
356.000000 34.930000
357.000000 34.930000
358.000000 34.930000
359.000000 34.930000
360.000000 34.930000
361.000000 34.930000
362.000000 35.000000
363.000000 35.000000
364.000000 35.000000
365.000000 35.000000
366.000000 35.000000
367.000000 35.000000
368.000000 35.000000
369.000000 35.000000
370.000000 35.000000
371.000000 35.000000
372.000000 35.060000
373.000000 35.000000
374.000000 35.000000
375.000000 35.000000
376.000000 35.000000
377.000000 35.000000
378.000000 35.000000
379.000000 35.000000
380.000000 35.000000
381.000000 35.000000
382.000000 35.000000
383.000000 35.000000
384.000000 35.000000
385.000000 35.000000
386.000000 35.000000
387.000000 35.000000
388.000000 35.000000
389.000000 35.000000
390.000000 35.000000
391.000000 35.000000
392.000000 35.060000
393.000000 35.060000
394.000000 35.060000
395.000000 35.060000
396.000000 35.060000
397.000000 35.060000
398.000000 35.060000
399.000000 35.000000
400.000000 35.000000
401.000000 35.000000
402.000000 35.000000
403.000000 35.000000
404.000000 35.000000
405.000000 35.000000
406.000000 35.000000
407.000000 35.000000
408.000000 35.000000
409.000000 35.000000
410.000000 35.000000
411.000000 35.000000
412.000000 35.000000
413.000000 35.000000
414.000000 35.060000
415.000000 35.000000
416.000000 35.000000
417.000000 35.000000
418.000000 35.000000
419.000000 35.000000
420.000000 35.000000
421.000000 35.000000
422.000000 35.000000
423.000000 35.000000
424.000000 35.000000
425.000000 35.000000
426.000000 35.000000
427.000000 35.000000
428.000000 35.000000
429.000000 35.000000
430.000000 35.000000
431.000000 35.000000
432.000000 35.000000
433.000000 35.000000
434.000000 35.000000
435.000000 35.000000
436.000000 35.000000
437.000000 35.000000
438.000000 35.000000
439.000000 35.000000
440.000000 35.000000
441.000000 35.000000
442.000000 35.000000
443.000000 35.000000
444.000000 35.000000
445.000000 35.000000
446.000000 35.000000
447.000000 35.000000
448.000000 35.000000
449.000000 35.000000
450.000000 35.000000
451.000000 35.000000
452.000000 35.000000
453.000000 35.000000
454.000000 35.000000
455.000000 35.000000
456.000000 35.000000
457.000000 35.000000
458.000000 35.000000
459.000000 35.060000
460.000000 35.060000
461.000000 35.060000
462.000000 35.120000
463.000000 35.180000
464.000000 35.250000
465.000000 35.310000
466.000000 35.370000
467.000000 35.430000
468.000000 35.500000
469.000000 35.620000
470.000000 35.680000
471.000000 35.810000
472.000000 35.930000
473.000000 36.000000
474.000000 36.120000
475.000000 36.250000
476.000000 36.370000
477.000000 36.500000
478.000000 36.620000
479.000000 36.750000
480.000000 36.870000
481.000000 37.000000
482.000000 37.120000
483.000000 37.250000
484.000000 37.310000
485.000000 37.430000
486.000000 37.560000
487.000000 37.680000
488.000000 37.750000
489.000000 37.870000
490.000000 37.930000
491.000000 38.060000
492.000000 38.120000
493.000000 38.250000
494.000000 38.310000
495.000000 38.430000
496.000000 38.500000
497.000000 38.560000
498.000000 38.680000
499.000000 38.750000
500.000000 38.810000
501.000000 38.870000
502.000000 39.000000
503.000000 39.000000
504.000000 39.120000
505.000000 39.180000
506.000000 39.250000
507.000000 39.310000
508.000000 39.370000
509.000000 39.430000
510.000000 39.500000
511.000000 39.560000
512.000000 39.620000
513.000000 39.680000
514.000000 39.750000
515.000000 39.750000
516.000000 39.810000
517.000000 39.870000
518.000000 39.930000
519.000000 40.000000
520.000000 40.000000
521.000000 40.000000
522.000000 40.060000
523.000000 40.060000
524.000000 40.060000
525.000000 40.060000
526.000000 40.060000
527.000000 40.120000
528.000000 40.120000
529.000000 40.120000
530.000000 40.120000
531.000000 40.120000
532.000000 40.180000
533.000000 40.180000
534.000000 40.250000
535.000000 40.250000
536.000000 40.180000
537.000000 40.250000
538.000000 40.180000
539.000000 40.180000
540.000000 40.180000
541.000000 40.180000
542.000000 40.120000
543.000000 40.120000
544.000000 40.180000
545.000000 40.120000
546.000000 40.120000
547.000000 40.120000
548.000000 40.060000
549.000000 40.060000
550.000000 40.000000
551.000000 40.000000
552.000000 40.000000
553.000000 40.000000
554.000000 39.930000
555.000000 39.930000
556.000000 39.870000
557.000000 39.870000
558.000000 39.930000
559.000000 39.930000
560.000000 39.930000
561.000000 39.930000
562.000000 39.870000
563.000000 39.870000
564.000000 39.870000
565.000000 39.870000
566.000000 39.870000
567.000000 39.870000
568.000000 39.870000
569.000000 39.810000
570.000000 39.810000
571.000000 39.810000
572.000000 39.810000
573.000000 39.810000
574.000000 39.750000
575.000000 39.750000
576.000000 39.750000
577.000000 39.750000
578.000000 39.750000
579.000000 39.750000
580.000000 39.750000
581.000000 39.750000
582.000000 39.750000
583.000000 39.750000
584.000000 39.750000
585.000000 39.750000
586.000000 39.750000
587.000000 39.750000
588.000000 39.750000
589.000000 39.750000
590.000000 39.750000
591.000000 39.810000
592.000000 39.810000
593.000000 39.810000
594.000000 39.810000
595.000000 39.810000
596.000000 39.810000
597.000000 39.870000
598.000000 39.870000
599.000000 39.810000
600.000000 39.810000
601.000000 39.810000
602.000000 39.810000
603.000000 39.810000
604.000000 39.810000
605.000000 39.810000
606.000000 39.810000
607.000000 39.810000
608.000000 39.810000
609.000000 39.810000
610.000000 39.810000
611.000000 39.810000
612.000000 39.810000
613.000000 39.810000
614.000000 39.810000
615.000000 39.810000
616.000000 39.810000
617.000000 39.810000
618.000000 39.810000
619.000000 39.810000
620.000000 39.810000
621.000000 39.810000
622.000000 39.810000
623.000000 39.810000
624.000000 39.810000
625.000000 39.810000
626.000000 39.810000
627.000000 39.810000
628.000000 39.870000
629.000000 39.810000
630.000000 39.810000
631.000000 39.810000
632.000000 39.870000
633.000000 39.870000
634.000000 39.930000
635.000000 39.930000
636.000000 39.930000
637.000000 40.000000
638.000000 40.000000
639.000000 40.000000
640.000000 40.000000
641.000000 40.000000
642.000000 40.000000
643.000000 40.000000
644.000000 40.000000
645.000000 40.060000
646.000000 40.060000
647.000000 40.060000
648.000000 40.060000
649.000000 40.060000
650.000000 40.060000
651.000000 40.060000
652.000000 40.060000
653.000000 40.060000
654.000000 40.060000
655.000000 40.060000
656.000000 40.060000
657.000000 40.060000
658.000000 40.060000
659.000000 40.060000
660.000000 40.060000
661.000000 40.060000
662.000000 40.060000
663.000000 40.060000
664.000000 40.000000
665.000000 40.000000
666.000000 40.000000
667.000000 40.000000
668.000000 40.000000
669.000000 40.000000
670.000000 40.000000
671.000000 40.000000
672.000000 40.000000
673.000000 40.000000
674.000000 40.000000
675.000000 40.000000
676.000000 40.000000
677.000000 40.060000
678.000000 40.060000
679.000000 40.060000
680.000000 40.060000
681.000000 40.060000
682.000000 40.060000
683.000000 40.060000
684.000000 40.060000
685.000000 40.120000
686.000000 40.060000
687.000000 40.120000
688.000000 40.120000
689.000000 40.120000
690.000000 40.120000
691.000000 40.120000
692.000000 40.120000
693.000000 40.120000
694.000000 40.120000
695.000000 40.120000
696.000000 40.120000
697.000000 40.120000
698.000000 40.060000
699.000000 40.060000
700.000000 40.120000
701.000000 40.120000
702.000000 40.120000
703.000000 40.120000
704.000000 40.120000
705.000000 40.060000
706.000000 40.060000
707.000000 40.060000
708.000000 40.060000
709.000000 40.060000
710.000000 40.060000
711.000000 40.060000
712.000000 40.060000
713.000000 40.060000
714.000000 40.060000
715.000000 40.060000
716.000000 40.060000
717.000000 40.060000
718.000000 40.000000
719.000000 40.000000
720.000000 40.000000
721.000000 40.000000
722.000000 40.060000
723.000000 40.060000
724.000000 40.000000
725.000000 40.000000
726.000000 40.000000
727.000000 40.000000
728.000000 40.000000
729.000000 40.000000
730.000000 40.000000
731.000000 40.000000
732.000000 40.000000
733.000000 40.000000
734.000000 40.000000
735.000000 40.000000
736.000000 40.000000
737.000000 40.000000
738.000000 40.000000
739.000000 40.000000
740.000000 40.000000
741.000000 39.930000
742.000000 39.930000
743.000000 39.930000
744.000000 39.930000
745.000000 39.930000
746.000000 39.930000
747.000000 39.930000
748.000000 39.870000
749.000000 39.870000
750.000000 39.870000
751.000000 39.870000
752.000000 39.870000
753.000000 39.870000
754.000000 39.870000
755.000000 39.870000
756.000000 39.870000
757.000000 39.870000
758.000000 39.870000
759.000000 39.930000
760.000000 39.930000
761.000000 39.930000
762.000000 39.930000
763.000000 40.000000
764.000000 40.000000
765.000000 40.000000
766.000000 40.000000
767.000000 40.000000
768.000000 40.060000
769.000000 40.060000
770.000000 40.060000
771.000000 40.060000
772.000000 40.060000
773.000000 40.060000
774.000000 40.060000
775.000000 40.060000
776.000000 40.060000
777.000000 40.060000
778.000000 40.060000
779.000000 40.060000
780.000000 40.060000
781.000000 40.060000
782.000000 40.060000
783.000000 40.120000
784.000000 40.120000
785.000000 40.120000
786.000000 40.120000
787.000000 40.120000
788.000000 40.120000
789.000000 40.120000
790.000000 40.120000
791.000000 40.120000
792.000000 40.120000
793.000000 40.120000
794.000000 40.060000
795.000000 40.060000
796.000000 40.060000
797.000000 40.060000
798.000000 40.060000
799.000000 40.060000
800.000000 40.060000
801.000000 40.060000
802.000000 40.060000
803.000000 40.060000
804.000000 40.060000
805.000000 40.060000
806.000000 40.060000
807.000000 40.060000
808.000000 40.060000
809.000000 40.000000
810.000000 40.000000
811.000000 40.060000
812.000000 40.060000
813.000000 40.000000
814.000000 40.000000
815.000000 40.000000
816.000000 40.060000
817.000000 40.060000
818.000000 40.060000
819.000000 40.060000
820.000000 40.060000
821.000000 40.060000
822.000000 40.060000
823.000000 40.060000
824.000000 40.060000
825.000000 40.060000
826.000000 40.060000
827.000000 40.060000
828.000000 40.060000
829.000000 40.060000
830.000000 40.120000
831.000000 40.060000
832.000000 40.120000
833.000000 40.120000
834.000000 40.120000
835.000000 40.120000
836.000000 40.120000
837.000000 40.120000
838.000000 40.120000
839.000000 40.120000
840.000000 40.120000
841.000000 40.120000
842.000000 40.120000
843.000000 40.120000
844.000000 40.120000
845.000000 40.120000
846.000000 40.120000
847.000000 40.120000
848.000000 40.120000
849.000000 40.060000
850.000000 40.060000
851.000000 40.060000
852.000000 40.000000
853.000000 40.000000
854.000000 40.000000
855.000000 40.000000
856.000000 40.000000
857.000000 40.000000
858.000000 40.000000
859.000000 40.000000
860.000000 40.000000
861.000000 40.000000
862.000000 40.000000
863.000000 40.000000
864.000000 40.000000
865.000000 40.000000
866.000000 40.000000
867.000000 40.000000
868.000000 40.000000
869.000000 40.000000
870.000000 40.000000
871.000000 40.000000
872.000000 40.060000
873.000000 40.060000
874.000000 40.060000
875.000000 40.060000
876.000000 40.060000
877.000000 40.060000
878.000000 40.060000
879.000000 40.060000
880.000000 40.060000
881.000000 40.060000
882.000000 40.060000
883.000000 40.060000
884.000000 40.060000
885.000000 40.120000
886.000000 40.120000
887.000000 40.060000
888.000000 40.060000
889.000000 40.060000
890.000000 40.060000
891.000000 40.060000
892.000000 40.060000
893.000000 40.000000
894.000000 40.000000
895.000000 40.000000
896.000000 40.000000
897.000000 40.000000
898.000000 40.000000
899.000000 40.000000
