0.000000 25.000000
1.000000 29.324967
2.000000 32.697717
3.000000 35.300684
4.000000 37.282303
5.000000 38.644854
6.000000 39.631173
7.000000 40.316175
8.000000 40.760767
9.000000 41.024634
10.000000 41.161092
11.000000 41.214841
12.000000 41.221477
13.000000 41.089219
14.000000 40.981689
15.000000 40.906583
16.000000 40.729221
17.000000 40.500235
18.000000 40.356610
19.000000 40.285406
20.000000 40.156200
21.000000 40.102527
22.000000 39.991006
23.000000 39.815312
24.000000 39.609703
25.000000 39.380939
26.000000 39.252720
27.000000 39.084662
28.000000 38.865251
29.000000 38.743826
30.000000 38.580349
31.000000 38.383280
32.000000 38.159259
33.000000 37.893711
34.000000 37.615017
35.000000 37.325791
36.000000 37.146499
37.000000 36.934292
38.000000 36.675815
39.000000 36.400282
40.000000 36.110892
41.000000 35.810068
42.000000 35.479867
43.000000 35.264220
44.000000 35.018974
45.000000 34.749523
46.000000 34.460185
47.000000 34.134638
48.000000 33.918169
49.000000 33.667477
50.000000 33.388478
51.000000 33.204670
52.000000 32.975616
53.000000 32.689937
54.000000 32.496984
55.000000 32.375226
56.000000 32.188974
57.000000 32.068999
58.000000 31.880686
59.000000 31.755837
60.000000 31.560737
61.000000 31.427606
62.000000 31.341664
63.000000 31.291282
64.000000 31.128914
65.000000 31.154210
66.000000 31.186821
67.000000 31.085075
68.000000 31.014877
69.000000 30.968326
70.000000 31.077503
71.000000 31.030765
72.000000 30.998739
73.000000 30.977606
74.000000 30.964597
75.000000 30.957384
76.000000 30.954105
77.000000 30.953336
78.000000 30.835860
79.000000 30.745615
80.000000 30.677076
81.000000 30.625781
82.000000 30.588139
83.000000 30.561276
84.000000 30.542901
85.000000 30.531189
86.000000 30.524411
87.000000 30.521059
88.000000 30.401397
89.000000 30.309032
90.000000 30.238239
91.000000 30.184436
92.000000 30.143978
93.000000 30.113974
94.000000 30.092141
95.000000 30.076684
96.000000 30.065913
97.000000 30.058361
98.000000 30.052828
99.000000 30.048380
100.000000 30.044323
101.000000 30.040174
102.000000 30.035616
103.000000 30.030471
104.000000 30.024659
105.000000 30.018172
106.000000 30.011054
107.000000 30.003374
108.000000 29.995219
109.000000 30.105171
110.000000 30.188734
111.000000 30.250984
112.000000 30.414546
113.000000 30.419712
114.000000 30.537288
115.000000 30.623984
116.000000 30.685843
117.000000 30.609565
118.000000 30.544080
119.000000 30.487962
120.000000 30.440306
121.000000 30.400167
122.000000 30.485385
123.000000 30.550842
124.000000 30.482538
125.000000 30.428322
126.000000 30.504100
127.000000 30.563028
128.000000 30.608175
129.000000 30.641994
130.000000 30.666745
131.000000 30.822653
132.000000 30.942434
133.000000 31.032932
134.000000 31.099937
135.000000 31.148275
136.000000 31.181920
137.000000 31.204103
138.000000 31.217429
139.000000 31.224304
140.000000 31.226794
141.000000 31.226577
142.000000 31.224953
143.000000 31.341369
144.000000 31.431908
145.000000 31.501993
146.000000 31.555928
147.000000 31.597120
148.000000 31.509766
149.000000 31.440569
150.000000 31.386202
151.000000 31.344201
152.000000 31.312662
153.000000 31.290055
154.000000 31.275105
155.000000 31.266716
156.000000 31.263651
157.000000 31.264698
158.000000 31.130522
159.000000 31.028868
160.000000 30.953147
161.000000 30.898020
162.000000 30.859183
163.000000 30.833182
164.000000 30.817258
165.000000 30.809212
166.000000 30.945215
167.000000 31.054792
168.000000 31.142297
169.000000 31.211321
170.000000 31.264869
171.000000 31.305477
172.000000 31.335307
173.000000 31.356206
174.000000 31.370086
175.000000 31.378723
176.000000 31.383664
177.000000 31.386187
178.000000 31.387305
179.000000 31.249543
180.000000 31.142128
181.000000 31.059601
182.000000 30.997443
183.000000 30.951910
184.000000 30.919894
185.000000 30.898817
186.000000 30.768052
187.000000 30.670088
188.000000 30.598049
189.000000 30.546285
190.000000 30.510214
191.000000 30.486166
192.000000 30.471235
193.000000 30.463148
194.000000 30.459867
195.000000 30.459686
196.000000 30.461254
197.000000 30.582048
198.000000 30.676766
199.000000 30.749928
200.000000 30.805315
201.000000 30.846100
202.000000 30.874943
203.000000 30.775587
204.000000 30.694480
205.000000 30.628462
206.000000 30.575123
207.000000 30.532555
208.000000 30.499199
209.000000 30.473739
210.000000 30.455036
211.000000 30.323318
212.000000 30.221915
213.000000 30.144703
214.000000 30.086656
215.000000 30.043684
216.000000 30.012484
217.000000 29.990411
218.000000 29.975364
219.000000 29.965405
220.000000 29.958875
221.000000 29.954434
222.000000 29.951048
223.000000 29.947961
224.000000 29.944654
225.000000 29.940797
226.000000 29.936210
227.000000 29.930823
228.000000 30.043137
229.000000 30.128632
230.000000 30.192397
231.000000 30.238601
232.000000 30.270659
233.000000 30.291363
234.000000 30.302990
235.000000 30.307397
236.000000 30.306369
237.000000 30.301491
238.000000 30.294082
239.000000 30.285192
240.000000 30.275617
241.000000 30.265929
242.000000 30.256516
243.000000 30.247616
244.000000 30.239352
245.000000 30.231759
246.000000 30.106326
247.000000 30.007573
248.000000 29.930422
249.000000 29.870720
250.000000 29.825069
251.000000 29.790697
252.000000 29.883835
253.000000 29.958063
254.000000 30.016605
255.000000 30.061956
256.000000 30.096113
257.000000 30.120725
258.000000 30.255682
259.000000 30.357613
260.000000 30.432857
261.000000 30.486778
262.000000 30.523848
263.000000 30.547744
264.000000 30.561456
265.000000 30.567386
266.000000 30.567722
267.000000 30.564322
268.000000 30.558682
269.000000 30.551946
270.000000 30.544949
271.000000 30.538259
272.000000 30.532231
273.000000 30.527055
274.000000 30.522799
275.000000 30.519445
276.000000 30.516918
277.000000 30.515112
278.000000 30.513908
279.000000 30.513186
280.000000 30.512831
281.000000 30.394253
282.000000 30.301947
283.000000 30.230845
284.000000 30.176828
285.000000 30.136548
286.000000 30.107284
287.000000 30.086829
288.000000 30.073394
289.000000 30.065247
290.000000 30.060854
291.000000 29.940440
292.000000 29.847566
293.000000 29.776460
294.000000 29.722496
295.000000 29.681987
296.000000 29.652009
297.000000 29.630253
298.000000 29.614899
299.000000 29.604242
300.000000 29.596805
301.000000 29.591378
302.000000 29.587022
303.000000 29.583042
304.000000 29.578954
305.000000 29.574441
306.000000 29.569325
307.000000 29.563528
308.000000 29.557045
309.000000 29.549920
310.000000 29.542225
311.000000 29.534048
312.000000 29.525478
313.000000 29.516603
314.000000 29.507500
315.000000 29.498238
316.000000 29.488871
317.000000 29.479443
318.000000 29.469986
319.000000 29.460525
320.000000 29.451075
321.000000 29.441646
322.000000 29.432242
323.000000 29.422864
324.000000 29.413512
325.000000 29.404183
326.000000 29.394873
327.000000 29.385579
328.000000 29.376297
329.000000 29.367023
330.000000 29.357755
331.000000 29.348490
332.000000 29.339226
333.000000 29.329962
334.000000 29.439189
335.000000 29.522327
336.000000 29.584372
337.000000 29.629391
338.000000 29.660694
339.000000 29.799464
340.000000 29.903311
341.000000 29.979014
342.000000 30.032364
343.000000 30.068207
344.000000 30.090517
345.000000 30.102510
346.000000 30.106745
347.000000 30.105511
348.000000 30.100727
349.000000 30.093913
350.000000 30.086218
351.000000 30.078463
352.000000 30.071194
353.000000 30.202981
354.000000 30.305308
355.000000 30.384048
356.000000 30.443901
357.000000 30.488632
358.000000 30.521259
359.000000 30.544203
360.000000 30.559410
361.000000 30.568772
362.000000 30.435734
363.000000 30.330384
364.000000 30.248015
365.000000 30.184738
366.000000 30.137312
367.000000 30.103015
368.000000 30.079553
369.000000 30.064986
370.000000 30.057344
371.000000 30.054817
372.000000 29.937355
373.000000 29.966754
374.000000 29.992432
375.000000 30.014572
376.000000 30.033398
377.000000 30.049176
378.000000 30.062198
379.000000 30.072776
380.000000 30.080943
381.000000 30.086925
382.000000 30.091038
383.000000 30.093629
384.000000 30.095034
385.000000 30.095554
386.000000 30.095453
387.000000 30.094946
388.000000 30.094205
389.000000 30.093357
390.000000 30.092499
391.000000 30.091691
392.000000 29.972481
393.000000 29.879467
394.000000 29.807659
395.000000 29.752985
396.000000 29.712127
397.000000 29.682379
398.000000 29.661537
399.000000 29.766300
400.000000 29.850348
401.000000 29.917133
402.000000 29.969427
403.000000 30.009508
404.000000 30.039281
405.000000 30.060369
406.000000 30.074165
407.000000 30.082157
408.000000 30.085754
409.000000 30.086199
410.000000 30.084533
411.000000 30.081590
412.000000 30.078011
413.000000 30.074262
414.000000 29.952173
415.000000 29.975020
416.000000 29.993335
417.000000 30.008091
418.000000 30.020038
419.000000 30.029756
420.000000 30.037690
421.000000 30.044184
422.000000 30.049226
423.000000 30.052947
424.000000 30.055539
425.000000 30.057218
426.000000 30.058189
427.000000 30.058639
428.000000 30.058726
429.000000 30.058580
430.000000 30.058305
431.000000 30.057977
432.000000 30.057652
433.000000 30.057367
434.000000 30.057145
435.000000 30.056996
436.000000 30.056924
437.000000 30.056924
438.000000 30.056992
439.000000 30.057118
440.000000 30.057295
441.000000 30.057512
442.000000 30.057762
443.000000 30.058038
444.000000 30.058335
445.000000 30.058647
446.000000 30.058971
447.000000 30.059304
448.000000 30.059646
449.000000 30.059994
450.000000 39.934703
451.000000 47.635406
452.000000 53.578621
453.000000 58.103239
454.000000 61.485000
455.000000 63.948227
456.000000 65.675375
457.000000 66.814785
458.000000 67.510278
459.000000 67.771235
460.000000 67.849292
461.000000 67.824783
462.000000 67.640074
463.000000 67.364921
464.000000 67.029889
465.000000 66.693665
466.000000 66.377701
467.000000 66.094022
468.000000 65.828198
469.000000 65.486624
470.000000 65.210708
471.000000 64.852250
472.000000 64.451474
473.000000 64.117949
474.000000 63.738980
475.000000 63.304657
476.000000 62.846639
477.000000 62.349997
478.000000 61.842549
479.000000 61.306403
480.000000 60.766829
481.000000 60.204131
482.000000 59.642294
483.000000 59.060421
484.000000 58.599959
485.000000 58.114347
486.000000 57.587055
487.000000 57.044637
488.000000 56.586898
489.000000 56.094115
490.000000 55.689514
491.000000 55.212563
492.000000 54.814205
493.000000 54.336233
494.000000 53.931241
495.000000 53.461960
496.000000 53.038299
497.000000 52.667440
498.000000 52.216715
499.000000 51.799595
500.000000 51.426293
501.000000 51.084786
502.000000 50.627246
503.000000 50.333164
504.000000 49.927627
505.000000 49.550911
506.000000 49.174855
507.000000 48.816885
508.000000 48.470998
509.000000 48.132603
510.000000 47.778174
511.000000 47.429118
512.000000 47.082449
513.000000 46.735851
514.000000 46.367799
515.000000 46.119575
516.000000 45.844847
517.000000 45.547331
518.000000 45.230128
519.000000 44.876093
520.000000 44.630013
521.000000 44.466824
522.000000 44.247788
523.000000 44.101451
524.000000 44.010068
525.000000 43.959402
526.000000 43.938011
527.000000 43.818148
528.000000 43.737201
529.000000 43.684798
530.000000 43.652736
531.000000 43.634720
532.000000 43.507554
533.000000 43.412417
534.000000 43.203685
535.000000 43.044085
536.000000 43.061331
537.000000 42.940122
538.000000 42.986576
539.000000 43.025710
540.000000 43.058103
541.000000 43.084224
542.000000 43.222685
543.000000 43.328952
544.000000 43.289958
545.000000 43.373150
546.000000 43.432887
547.000000 43.473557
548.000000 43.617391
549.000000 43.722948
550.000000 43.916606
551.000000 44.060357
552.000000 44.164302
553.000000 44.236772
554.000000 44.422799
555.000000 44.559191
556.000000 44.774932
557.000000 44.934025
558.000000 44.930181
559.000000 44.917938
560.000000 44.900304
561.000000 44.879572
562.000000 44.976240
563.000000 45.047327
564.000000 45.099274
565.000000 45.137278
566.000000 45.165124
567.000000 45.185551
568.000000 45.200526
569.000000 45.329938
570.000000 45.430476
571.000000 45.508192
572.000000 45.567982
573.000000 45.613764
574.000000 45.767149
575.000000 45.886015
576.000000 45.977293
577.000000 46.046837
578.000000 46.099491
579.000000 46.139190
580.000000 46.169081
581.000000 46.191645
582.000000 46.209090
583.000000 46.223255
584.000000 46.235592
585.000000 46.247188
586.000000 46.258814
587.000000 46.270978
588.000000 46.283978
589.000000 46.297959
590.000000 46.312948
591.000000 46.210403
592.000000 46.134803
593.000000 46.081027
594.000000 46.044875
595.000000 46.022910
596.000000 46.012320
597.000000 45.892323
598.000000 45.805634
599.000000 45.863953
600.000000 45.917047
601.000000 45.965284
602.000000 46.008989
603.000000 46.048487
604.000000 46.084118
605.000000 46.115959
606.000000 46.144021
607.000000 46.168623
608.000000 46.190241
609.000000 46.209403
610.000000 46.226626
611.000000 46.242386
612.000000 46.257097
613.000000 46.271103
614.000000 46.284683
615.000000 46.298049
616.000000 46.311355
617.000000 46.324709
618.000000 46.338181
619.000000 46.351809
620.000000 46.365609
621.000000 46.379578
622.000000 46.393703
623.000000 46.407964
624.000000 46.422335
625.000000 46.436796
626.000000 46.451328
627.000000 46.465910
628.000000 46.362032
629.000000 46.402753
630.000000 46.438485
631.000000 46.470151
632.000000 46.380009
633.000000 46.313251
634.000000 46.146887
635.000000 46.021839
636.000000 45.929855
637.000000 45.726129
638.000000 45.574090
639.000000 45.463698
640.000000 45.386541
641.000000 45.335659
642.000000 45.305085
643.000000 45.289852
644.000000 45.285932
645.000000 45.171313
646.000000 45.087682
647.000000 45.027778
648.000000 44.985854
649.000000 44.957426
650.000000 44.939040
651.000000 44.928068
652.000000 44.922539
653.000000 44.920708
654.000000 44.921142
655.000000 44.922727
656.000000 44.924646
657.000000 44.926335
658.000000 44.927437
659.000000 44.927760
660.000000 44.927228
661.000000 44.925850
662.000000 44.923691
663.000000 44.920845
664.000000 45.035916
665.000000 45.124435
666.000000 45.191506
667.000000 45.241289
668.000000 45.277170
669.000000 45.301907
670.000000 45.317739
671.000000 45.326486
672.000000 45.329902
673.000000 45.329540
674.000000 45.326695
675.000000 45.322398
676.000000 45.317429
677.000000 45.193858
678.000000 45.096646
679.000000 45.021028
680.000000 44.963059
681.000000 44.919471
682.000000 44.887549
683.000000 44.865047
684.000000 44.850107
685.000000 44.722422
686.000000 44.743444
687.000000 44.643741
688.000000 44.567731
689.000000 44.510334
690.000000 44.467491
691.000000 44.435973
692.000000 44.413234
693.000000 44.396994
694.000000 44.385611
695.000000 44.377618
696.000000 44.371794
697.000000 44.367173
698.000000 44.481522
699.000000 44.569748
700.000000 44.518020
701.000000 44.474787
702.000000 44.438269
703.000000 44.407076
704.000000 44.380127
705.000000 44.475072
706.000000 44.546952
707.000000 44.600610
708.000000 44.639757
709.000000 44.667270
710.000000 44.685402
711.000000 44.695939
712.000000 44.700311
713.000000 44.699953
714.000000 44.696166
715.000000 44.690052
716.000000 44.682506
717.000000 44.674215
718.000000 44.784177
719.000000 44.868164
720.000000 44.931400
721.000000 44.978076
722.000000 44.893061
723.000000 44.823625
724.000000 44.885417
725.000000 44.931512
726.000000 44.965259
727.000000 44.989499
728.000000 45.006571
729.000000 45.018350
730.000000 45.026027
731.000000 45.030371
732.000000 45.032173
733.000000 45.032157
734.000000 45.030937
735.000000 45.029004
736.000000 45.026731
737.000000 45.024387
738.000000 45.022156
739.000000 45.020152
740.000000 45.018435
741.000000 45.155265
742.000000 45.261960
743.000000 45.344322
744.000000 45.407063
745.000000 45.454002
746.000000 45.488238
747.000000 45.512293
748.000000 45.646704
749.000000 45.748875
750.000000 45.825574
751.000000 45.882347
752.000000 45.923683
753.000000 45.953169
754.000000 45.973643
755.000000 45.987325
756.000000 45.996216
757.000000 46.001993
758.000000 46.005990
759.000000 45.890716
760.000000 45.801468
761.000000 45.733725
762.000000 45.683708
763.000000 45.510008
764.000000 45.378646
765.000000 45.281564
766.000000 45.212154
767.000000 45.164723
768.000000 45.015987
769.000000 44.906573
770.000000 44.828278
771.000000 44.774151
772.000000 44.738452
773.000000 44.716547
774.000000 44.704767
775.000000 44.700266
776.000000 44.700595
777.000000 44.703777
778.000000 44.708295
779.000000 44.713055
780.000000 44.717313
781.000000 44.720615
782.000000 44.722725
783.000000 44.605078
784.000000 44.512292
785.000000 44.439478
786.000000 44.382718
787.000000 44.338869
788.000000 44.305403
789.000000 44.280283
790.000000 44.261864
791.000000 44.248533
792.000000 44.238849
793.000000 44.231601
794.000000 44.344309
795.000000 44.431650
796.000000 44.498081
797.000000 44.547299
798.000000 44.582380
799.000000 44.605892
800.000000 44.619979
801.000000 44.626432
802.000000 44.627024
803.000000 44.623358
804.000000 44.616795
805.000000 44.608439
806.000000 44.599140
807.000000 44.589529
808.000000 44.580042
809.000000 44.689455
810.000000 44.773346
811.000000 44.718287
812.000000 44.672928
813.000000 44.754029
814.000000 44.815566
815.000000 44.861337
816.000000 44.775922
817.000000 44.706667
818.000000 44.650947
819.000000 44.606384
820.000000 44.570889
821.000000 44.542950
822.000000 44.521422
823.000000 44.505393
824.000000 44.493821
825.000000 44.485682
826.000000 44.480057
827.000000 44.476162
828.000000 44.473360
829.000000 44.471158
830.000000 44.350694
831.000000 44.374781
832.000000 44.275180
833.000000 44.197305
834.000000 44.136870
835.000000 44.090419
836.000000 44.055164
837.000000 44.028858
838.000000 44.009412
839.000000 43.995283
840.000000 43.985039
841.000000 43.977445
842.000000 43.971498
843.000000 43.966418
844.000000 43.961631
845.000000 43.956739
846.000000 43.951484
847.000000 43.945722
848.000000 43.939394
849.000000 44.050991
850.000000 44.135972
851.000000 44.199399
852.000000 44.363906
853.000000 44.488296
854.000000 44.580331
855.000000 44.646330
856.000000 44.691438
857.000000 44.720118
858.000000 44.736131
859.000000 44.742571
860.000000 44.742206
861.000000 44.737364
862.000000 44.729904
863.000000 44.721238
864.000000 44.712387
865.000000 44.704038
866.000000 44.696615
867.000000 44.690334
868.000000 44.685262
869.000000 44.681359
870.000000 44.678522
871.000000 44.676610
872.000000 44.556973
873.000000 44.464040
874.000000 44.392666
875.000000 44.338660
876.000000 44.298603
877.000000 44.269720
878.000000 44.249754
879.000000 44.236877
880.000000 44.229329
881.000000 44.225556
882.000000 44.224260
883.000000 44.224414
884.000000 44.225239
885.000000 44.107684
886.000000 44.015953
887.000000 44.063308
888.000000 44.100986
889.000000 44.130642
890.000000 44.153674
891.000000 44.171262
892.000000 44.184396
893.000000 44.312122
894.000000 44.410193
895.000000 44.484131
896.000000 44.538582
897.000000 44.577420
898.000000 44.603844
899.000000 44.620475
900.000000 30.805348
901.000000 20.028178
902.000000 11.707582
903.000000 5.370542
904.000000 0.632149
905.000000 0.000000
906.000000 0.000000
907.000000 0.000000
908.000000 0.000000
909.000000 0.000000
910.000000 0.000000
911.000000 0.000000
912.000000 0.000000
913.000000 0.000000
914.000000 0.000000
915.000000 0.000000
916.000000 0.000000
917.000000 0.000000
918.000000 0.000000
919.000000 0.000000
920.000000 0.000000
921.000000 0.000000
922.000000 0.000000
923.000000 0.000000
924.000000 0.000000
925.000000 0.000000
926.000000 0.000000
927.000000 0.135203
928.000000 0.376476
929.000000 0.681008
930.000000 1.172812
931.000000 1.810021
932.000000 2.420614
933.000000 3.146054
934.000000 3.820388
935.000000 4.471824
936.000000 5.221950
937.000000 5.909530
938.000000 6.685525
939.000000 7.392534
940.000000 8.065878
941.000000 8.833019
942.000000 9.537245
943.000000 10.213986
944.000000 0.000000
945.000000 0.000000
946.000000 0.000000
947.000000 0.000000
948.000000 0.000000
949.000000 0.000000
950.000000 0.000000
951.000000 0.000000
952.000000 0.000000
953.000000 0.000000
954.000000 0.000000
955.000000 0.000000
956.000000 0.000000
957.000000 0.000000
958.000000 0.000000
959.000000 0.000000
960.000000 0.000000
961.000000 0.000000
962.000000 0.000000
963.000000 0.000000
964.000000 0.000000
965.000000 0.000000
966.000000 0.000000
967.000000 0.000000
968.000000 0.000000
969.000000 0.000000
970.000000 0.000000
971.000000 0.000000
972.000000 0.000000
973.000000 0.000000
974.000000 0.000000
975.000000 0.000000
976.000000 0.000000
977.000000 0.000000
978.000000 0.000000
979.000000 0.000000
980.000000 0.000000
981.000000 0.000000
982.000000 0.000000
983.000000 0.000000
984.000000 0.000000
985.000000 0.000000
986.000000 0.000000
987.000000 0.000000
988.000000 0.000000
989.000000 0.000000
990.000000 0.000000
991.000000 0.000000
992.000000 0.000000
993.000000 0.000000
994.000000 0.000000
995.000000 0.000000
996.000000 0.000000
997.000000 0.000000
998.000000 0.000000
999.000000 0.000000
1000.000000 0.000000
1001.000000 0.000000
1002.000000 0.000000
1003.000000 0.000000
1004.000000 0.000000
1005.000000 0.000000
1006.000000 0.000000
1007.000000 0.000000
1008.000000 0.000000
1009.000000 0.000000
1010.000000 0.000000
1011.000000 0.000000
1012.000000 0.000000
1013.000000 0.000000
1014.000000 0.000000
1015.000000 0.000000
1016.000000 0.000000
1017.000000 0.000000
1018.000000 0.000000
1019.000000 0.000000
1020.000000 0.000000
1021.000000 0.000000
1022.000000 0.000000
1023.000000 0.000000
1024.000000 0.000000
1025.000000 0.000000
1026.000000 0.000000
1027.000000 0.000000
1028.000000 0.000000
1029.000000 0.000000
1030.000000 0.000000
1031.000000 0.000000
1032.000000 0.000000
1033.000000 0.000000
1034.000000 0.000000
1035.000000 0.000000
1036.000000 0.000000
1037.000000 0.000000
1038.000000 0.000000
1039.000000 0.000000
1040.000000 0.000000
1041.000000 0.000000
1042.000000 0.000000
1043.000000 0.000000
1044.000000 0.000000
1045.000000 0.000000
1046.000000 0.000000
1047.000000 0.000000
1048.000000 0.000000
1049.000000 0.000000
1050.000000 0.000000
1051.000000 0.000000
1052.000000 0.000000
1053.000000 0.000000
1054.000000 0.000000
1055.000000 0.000000
1056.000000 0.000000
1057.000000 0.000000
1058.000000 0.000000
1059.000000 0.000000
1060.000000 0.000000
1061.000000 0.000000
1062.000000 0.000000
1063.000000 0.000000
1064.000000 0.000000
1065.000000 0.000000
1066.000000 0.000000
1067.000000 0.000000
1068.000000 0.000000
1069.000000 0.000000
1070.000000 0.000000
1071.000000 0.000000
1072.000000 0.000000
1073.000000 0.000000
1074.000000 0.000000
1075.000000 0.000000
1076.000000 0.000000
1077.000000 0.000000
1078.000000 0.000000
1079.000000 0.000000
1080.000000 0.000000
1081.000000 0.000000
1082.000000 0.000000
1083.000000 0.000000
1084.000000 0.000000
1085.000000 0.000000
1086.000000 0.000000
1087.000000 0.000000
1088.000000 0.000000
1089.000000 0.000000
1090.000000 0.000000
1091.000000 0.000000
1092.000000 0.000000
1093.000000 0.000000
1094.000000 0.000000
1095.000000 0.000000
1096.000000 0.000000
1097.000000 0.000000
1098.000000 0.000000
1099.000000 0.000000
1100.000000 0.000000
1101.000000 0.000000
1102.000000 0.000000
1103.000000 0.000000
1104.000000 0.000000
1105.000000 0.000000
1106.000000 0.000000
1107.000000 0.000000
1108.000000 0.000000
1109.000000 0.000000
1110.000000 0.000000
1111.000000 0.000000
1112.000000 0.000000
1113.000000 0.000000
1114.000000 0.000000
1115.000000 0.000000
1116.000000 0.000000
1117.000000 0.000000
1118.000000 0.000000
1119.000000 0.000000
1120.000000 0.000000
1121.000000 0.000000
1122.000000 0.000000
1123.000000 0.000000
1124.000000 0.000000
1125.000000 0.000000
1126.000000 0.000000
1127.000000 0.000000
1128.000000 0.000000
1129.000000 0.000000
1130.000000 0.000000
1131.000000 0.000000
1132.000000 0.000000
1133.000000 0.000000
1134.000000 0.000000
1135.000000 0.000000
1136.000000 0.000000
1137.000000 0.000000
1138.000000 0.000000
1139.000000 0.000000
1140.000000 0.000000
1141.000000 0.000000
1142.000000 0.000000
1143.000000 0.000000
1144.000000 0.000000
1145.000000 0.000000
1146.000000 0.000000
1147.000000 0.000000
1148.000000 0.000000
1149.000000 0.000000
1150.000000 0.000000
1151.000000 0.000000
1152.000000 0.000000
1153.000000 0.000000
1154.000000 0.000000
1155.000000 0.000000
1156.000000 0.000000
1157.000000 0.000000
1158.000000 0.000000
1159.000000 0.000000
1160.000000 0.000000
1161.000000 0.000000
1162.000000 0.000000
1163.000000 0.000000
1164.000000 0.000000
1165.000000 0.000000
1166.000000 0.000000
1167.000000 0.000000
1168.000000 0.000000
1169.000000 0.000000
1170.000000 0.000000
1171.000000 0.000000
1172.000000 0.000000
1173.000000 0.000000
1174.000000 0.000000
1175.000000 0.000000
1176.000000 0.000000
1177.000000 0.000000
1178.000000 0.000000
1179.000000 0.000000
1180.000000 0.000000
1181.000000 0.000000
1182.000000 0.000000
1183.000000 0.000000
1184.000000 0.000000
1185.000000 0.000000
1186.000000 0.000000
1187.000000 0.000000
1188.000000 0.000000
1189.000000 0.000000
1190.000000 0.000000
1191.000000 0.000000
1192.000000 0.000000
1193.000000 0.000000
1194.000000 0.000000
1195.000000 0.000000
1196.000000 0.000000
1197.000000 0.000000
1198.000000 0.000000
1199.000000 0.000000
1200.000000 0.000000
1201.000000 0.000000
1202.000000 0.000000
1203.000000 0.000000
1204.000000 0.000000
1205.000000 0.000000
1206.000000 0.000000
1207.000000 0.000000
1208.000000 0.000000
1209.000000 0.000000
1210.000000 0.000000
1211.000000 0.000000
1212.000000 0.000000
1213.000000 0.000000
1214.000000 0.000000
1215.000000 0.000000
1216.000000 0.000000
1217.000000 0.000000
1218.000000 0.000000
1219.000000 0.000000
1220.000000 0.000000
1221.000000 0.000000
1222.000000 0.000000
1223.000000 0.000000
1224.000000 0.000000
1225.000000 0.000000
1226.000000 0.000000
1227.000000 0.000000
1228.000000 0.000000
1229.000000 0.000000
1230.000000 0.000000
1231.000000 0.000000
1232.000000 0.000000
1233.000000 0.000000
1234.000000 0.000000
1235.000000 0.000000
1236.000000 0.000000
1237.000000 0.000000
1238.000000 0.000000
1239.000000 0.000000
1240.000000 0.000000
1241.000000 0.000000
1242.000000 0.000000
1243.000000 0.000000
1244.000000 0.000000
1245.000000 0.000000
1246.000000 0.000000
1247.000000 0.000000
1248.000000 0.000000
1249.000000 0.000000
1250.000000 0.000000
1251.000000 0.000000
1252.000000 0.000000
1253.000000 0.000000
1254.000000 0.000000
1255.000000 0.000000
1256.000000 0.000000
1257.000000 0.000000
1258.000000 0.000000
1259.000000 0.000000
1260.000000 0.000000
1261.000000 0.000000
1262.000000 0.000000
1263.000000 0.000000
1264.000000 0.000000
1265.000000 0.000000
1266.000000 0.000000
1267.000000 0.000000
1268.000000 0.000000
1269.000000 0.000000
1270.000000 0.000000
1271.000000 0.000000
1272.000000 0.000000
1273.000000 0.000000
1274.000000 0.000000
1275.000000 0.000000
1276.000000 0.000000
1277.000000 0.000000
1278.000000 0.000000
1279.000000 0.000000
1280.000000 0.000000
1281.000000 0.000000
1282.000000 0.000000
1283.000000 0.000000
1284.000000 0.000000
1285.000000 0.000000
1286.000000 0.000000
1287.000000 0.000000
1288.000000 0.000000
1289.000000 0.000000
1290.000000 0.000000
1291.000000 0.000000
1292.000000 0.000000
1293.000000 0.000000
1294.000000 0.000000
1295.000000 0.000000
1296.000000 0.000000
1297.000000 0.000000
1298.000000 0.000000
1299.000000 0.000000
1300.000000 0.000000
1301.000000 0.000000
1302.000000 0.000000
1303.000000 0.000000
1304.000000 0.000000
1305.000000 0.000000
1306.000000 0.000000
1307.000000 0.000000
1308.000000 0.000000
1309.000000 0.000000
1310.000000 0.000000
1311.000000 0.000000
1312.000000 0.000000
1313.000000 0.000000
1314.000000 0.000000
1315.000000 0.000000
1316.000000 0.000000
1317.000000 0.000000
1318.000000 0.000000
1319.000000 0.000000
1320.000000 0.000000
1321.000000 0.000000
1322.000000 0.000000
1323.000000 0.000000
1324.000000 0.000000
1325.000000 0.000000
1326.000000 0.000000
1327.000000 0.000000
1328.000000 0.000000
1329.000000 0.000000
1330.000000 0.000000
1331.000000 0.000000
1332.000000 0.000000
1333.000000 0.000000
1334.000000 0.000000
1335.000000 0.000000
1336.000000 0.000000
1337.000000 0.000000
1338.000000 0.000000
1339.000000 0.000000
1340.000000 0.000000
1341.000000 0.000000
1342.000000 0.000000
1343.000000 0.000000
1344.000000 0.000000
1345.000000 0.000000
1346.000000 0.000000
1347.000000 0.000000
1348.000000 0.000000
1349.000000 0.000000
1350.000000 0.000000
1351.000000 0.000000
1352.000000 0.000000
1353.000000 0.000000
1354.000000 0.000000
1355.000000 0.000000
1356.000000 0.000000
1357.000000 0.000000
1358.000000 0.000000
1359.000000 0.000000
1360.000000 0.000000
1361.000000 0.000000
1362.000000 0.000000
1363.000000 0.000000
1364.000000 0.000000
1365.000000 0.000000
1366.000000 0.000000
1367.000000 0.000000
1368.000000 0.000000
1369.000000 0.000000
1370.000000 0.000000
1371.000000 0.000000
1372.000000 0.000000
1373.000000 0.000000
1374.000000 0.000000
1375.000000 0.000000
1376.000000 0.000000
1377.000000 0.000000
1378.000000 0.000000
1379.000000 0.000000
1380.000000 0.000000
1381.000000 0.000000
1382.000000 0.000000
1383.000000 0.000000
1384.000000 0.000000
1385.000000 0.000000
1386.000000 0.000000
1387.000000 0.000000
1388.000000 0.000000
1389.000000 0.000000
1390.000000 0.000000
1391.000000 0.000000
1392.000000 0.000000
1393.000000 0.000000
1394.000000 0.000000
1395.000000 0.000000
1396.000000 0.000000
1397.000000 0.000000
1398.000000 0.000000
1399.000000 0.000000
1400.000000 0.000000
1401.000000 0.000000
1402.000000 0.000000
1403.000000 0.000000
1404.000000 0.000000
1405.000000 0.000000
1406.000000 0.000000
1407.000000 0.000000
1408.000000 0.000000
1409.000000 0.000000
1410.000000 0.000000
1411.000000 0.000000
1412.000000 0.000000
1413.000000 0.000000
1414.000000 0.000000
1415.000000 0.000000
1416.000000 0.000000
1417.000000 0.000000
1418.000000 0.000000
1419.000000 0.000000
1420.000000 0.000000
1421.000000 0.000000
1422.000000 0.000000
1423.000000 0.000000
1424.000000 0.000000
1425.000000 0.000000
1426.000000 0.000000
1427.000000 0.000000
1428.000000 0.000000
1429.000000 0.000000
1430.000000 0.000000
1431.000000 0.000000
1432.000000 0.000000
1433.000000 0.000000
1434.000000 0.000000
1435.000000 0.000000
1436.000000 0.000000
1437.000000 0.000000
1438.000000 0.000000
1439.000000 0.000000
1440.000000 0.000000
1441.000000 0.000000
1442.000000 0.000000
1443.000000 0.000000
1444.000000 0.000000
1445.000000 0.000000
1446.000000 0.000000
1447.000000 0.000000
1448.000000 0.000000
1449.000000 0.000000
1450.000000 0.000000
1451.000000 0.000000
1452.000000 0.000000
1453.000000 0.000000
1454.000000 0.000000
1455.000000 0.000000
1456.000000 0.000000
1457.000000 0.000000
1458.000000 0.000000
1459.000000 0.000000
1460.000000 0.000000
1461.000000 0.000000
1462.000000 0.000000
1463.000000 0.000000
1464.000000 0.000000
1465.000000 0.000000
1466.000000 0.000000
1467.000000 0.000000
1468.000000 0.000000
1469.000000 0.000000
1470.000000 0.000000
1471.000000 0.000000
1472.000000 0.000000
1473.000000 0.000000
1474.000000 0.000000
1475.000000 0.000000
1476.000000 0.000000
1477.000000 0.000000
1478.000000 0.000000
1479.000000 0.000000
1480.000000 0.000000
1481.000000 0.000000
1482.000000 0.000000
1483.000000 0.000000
1484.000000 0.000000
1485.000000 0.000000
1486.000000 0.000000
1487.000000 0.000000
1488.000000 0.000000
1489.000000 0.000000
1490.000000 0.000000
1491.000000 0.000000
1492.000000 0.000000
1493.000000 0.000000
1494.000000 0.000000
1495.000000 0.000000
1496.000000 0.000000
1497.000000 0.000000
1498.000000 0.000000
1499.000000 0.000000
1500.000000 0.000000
1501.000000 0.000000
1502.000000 0.000000
1503.000000 0.000000
1504.000000 0.000000
1505.000000 0.000000
1506.000000 0.000000
1507.000000 0.000000
1508.000000 0.000000
1509.000000 0.000000
1510.000000 0.000000
1511.000000 0.000000
1512.000000 0.000000
1513.000000 0.000000
1514.000000 0.000000
1515.000000 0.000000
1516.000000 0.000000
1517.000000 0.000000
1518.000000 0.000000
1519.000000 0.000000
1520.000000 0.000000
1521.000000 0.000000
1522.000000 0.000000
1523.000000 0.000000
1524.000000 0.000000
1525.000000 0.000000
1526.000000 0.000000
1527.000000 0.000000
1528.000000 0.000000
1529.000000 0.000000
1530.000000 0.000000
1531.000000 0.000000
1532.000000 0.000000
1533.000000 0.000000
1534.000000 0.000000
1535.000000 0.000000
1536.000000 0.000000
1537.000000 0.000000
1538.000000 0.000000
1539.000000 0.000000
1540.000000 0.000000
1541.000000 0.000000
1542.000000 0.000000
1543.000000 0.000000
1544.000000 0.000000
1545.000000 0.000000
1546.000000 0.000000
1547.000000 0.000000
1548.000000 0.000000
1549.000000 0.000000
1550.000000 0.000000
1551.000000 0.000000
1552.000000 0.000000
1553.000000 0.000000
1554.000000 0.000000
1555.000000 0.000000
1556.000000 0.000000
1557.000000 0.000000
1558.000000 0.000000
1559.000000 0.000000
1560.000000 0.000000
1561.000000 0.000000
1562.000000 0.000000
1563.000000 0.000000
1564.000000 0.000000
1565.000000 0.000000
1566.000000 0.000000
1567.000000 0.000000
1568.000000 0.000000
1569.000000 0.000000
1570.000000 0.000000
1571.000000 0.000000
1572.000000 0.000000
1573.000000 0.000000
1574.000000 0.000000
1575.000000 0.000000
1576.000000 0.000000
1577.000000 0.000000
1578.000000 0.000000
1579.000000 0.000000
1580.000000 0.000000
1581.000000 0.000000
1582.000000 0.000000
1583.000000 0.000000
1584.000000 0.000000
1585.000000 0.000000
1586.000000 0.000000
1587.000000 0.000000
1588.000000 0.000000
1589.000000 0.000000
1590.000000 0.000000
1591.000000 0.000000
1592.000000 0.000000
1593.000000 0.000000
1594.000000 0.000000
1595.000000 0.000000
1596.000000 0.000000
1597.000000 0.000000
1598.000000 0.000000
1599.000000 0.000000
1600.000000 0.000000
1601.000000 0.000000
1602.000000 0.000000
1603.000000 0.000000
1604.000000 0.000000
1605.000000 0.000000
1606.000000 0.000000
1607.000000 0.000000
1608.000000 0.000000
1609.000000 0.000000
1610.000000 0.000000
1611.000000 0.000000
1612.000000 0.000000
1613.000000 0.000000
1614.000000 0.000000
1615.000000 0.000000
1616.000000 0.000000
1617.000000 0.000000
1618.000000 0.000000
1619.000000 0.000000
1620.000000 0.000000
1621.000000 0.000000
1622.000000 0.000000
1623.000000 0.000000
1624.000000 0.000000
1625.000000 0.000000
1626.000000 0.000000
1627.000000 0.000000
1628.000000 0.000000
1629.000000 0.000000
1630.000000 0.000000
1631.000000 0.000000
1632.000000 0.000000
1633.000000 0.000000
1634.000000 0.000000
1635.000000 0.000000
1636.000000 0.000000
1637.000000 0.000000
1638.000000 0.000000
1639.000000 0.000000
1640.000000 0.000000
1641.000000 0.000000
1642.000000 0.000000
1643.000000 0.000000
1644.000000 0.000000
1645.000000 0.000000
1646.000000 0.000000
1647.000000 0.000000
1648.000000 0.000000
1649.000000 0.000000
1650.000000 0.000000
1651.000000 0.000000
1652.000000 0.000000
1653.000000 0.000000
1654.000000 0.000000
1655.000000 0.000000
1656.000000 0.000000
1657.000000 0.000000
1658.000000 0.000000
1659.000000 0.000000
1660.000000 0.000000
1661.000000 0.000000
1662.000000 0.000000
1663.000000 0.000000
1664.000000 0.000000
1665.000000 0.000000
1666.000000 0.000000
1667.000000 0.000000
1668.000000 0.000000
1669.000000 0.000000
1670.000000 0.000000
1671.000000 0.000000
1672.000000 0.000000
1673.000000 0.000000
1674.000000 0.000000
1675.000000 0.000000
1676.000000 0.000000
1677.000000 0.000000
1678.000000 0.000000
1679.000000 0.000000
1680.000000 0.000000
1681.000000 0.000000
1682.000000 0.000000
1683.000000 0.000000
1684.000000 0.000000
1685.000000 0.000000
1686.000000 0.000000
1687.000000 0.000000
1688.000000 0.000000
1689.000000 0.000000
1690.000000 0.000000
1691.000000 0.000000
1692.000000 0.000000
1693.000000 0.000000
1694.000000 0.000000
1695.000000 0.000000
1696.000000 0.000000
1697.000000 0.000000
1698.000000 0.000000
1699.000000 0.000000
1700.000000 0.000000
1701.000000 0.000000
1702.000000 0.000000
1703.000000 0.000000
1704.000000 0.000000
1705.000000 0.000000
1706.000000 0.000000
1707.000000 0.000000
1708.000000 0.000000
1709.000000 0.000000
1710.000000 0.000000
1711.000000 0.000000
1712.000000 0.000000
1713.000000 0.000000
1714.000000 0.000000
1715.000000 0.000000
1716.000000 0.000000
1717.000000 0.000000
1718.000000 0.000000
1719.000000 0.000000
1720.000000 0.000000
1721.000000 0.000000
1722.000000 0.000000
1723.000000 0.000000
1724.000000 0.000000
1725.000000 0.000000
1726.000000 0.000000
1727.000000 0.000000
1728.000000 0.000000
1729.000000 0.000000
1730.000000 0.000000
1731.000000 0.000000
1732.000000 0.000000
1733.000000 0.000000
1734.000000 0.000000
1735.000000 0.000000
1736.000000 0.000000
1737.000000 0.000000
1738.000000 0.000000
1739.000000 0.000000
1740.000000 0.000000
1741.000000 0.000000
1742.000000 0.000000
1743.000000 0.000000
1744.000000 0.000000
1745.000000 0.000000
1746.000000 0.000000
1747.000000 0.000000
1748.000000 0.000000
1749.000000 0.000000
1750.000000 0.000000
1751.000000 0.000000
1752.000000 0.000000
1753.000000 0.000000
1754.000000 0.000000
1755.000000 0.000000
1756.000000 0.000000
1757.000000 0.000000
1758.000000 0.000000
1759.000000 0.000000
1760.000000 0.000000
1761.000000 0.000000
1762.000000 0.000000
1763.000000 0.000000
1764.000000 0.000000
1765.000000 0.000000
1766.000000 0.000000
1767.000000 0.000000
1768.000000 0.000000
1769.000000 0.000000
1770.000000 0.000000
1771.000000 0.000000
1772.000000 0.000000
1773.000000 0.000000
1774.000000 0.000000
1775.000000 0.000000
1776.000000 0.000000
1777.000000 0.000000
1778.000000 0.000000
1779.000000 0.000000
1780.000000 0.000000
1781.000000 0.000000
1782.000000 0.000000
1783.000000 0.000000
1784.000000 0.000000
1785.000000 0.000000
1786.000000 0.000000
1787.000000 0.000000
1788.000000 0.000000
1789.000000 0.000000
1790.000000 0.000000
1791.000000 0.000000
1792.000000 0.000000
1793.000000 0.000000
1794.000000 0.000000
1795.000000 0.000000
1796.000000 0.000000
1797.000000 0.000000
1798.000000 0.000000
1799.000000 0.000000
1800.000000 0.000000
1801.000000 0.000000
1802.000000 0.000000
1803.000000 0.000000
1804.000000 0.000000
1805.000000 0.000000
1806.000000 0.000000
1807.000000 0.000000
1808.000000 0.000000
1809.000000 0.000000
1810.000000 0.000000
1811.000000 0.000000
1812.000000 0.000000
1813.000000 0.000000
1814.000000 0.000000
1815.000000 0.000000
1816.000000 0.000000
1817.000000 0.000000
1818.000000 0.000000
1819.000000 0.000000
1820.000000 0.000000
1821.000000 0.000000
1822.000000 0.000000
1823.000000 0.000000
1824.000000 0.000000
1825.000000 0.000000
1826.000000 0.000000
1827.000000 0.000000
1828.000000 0.000000
1829.000000 0.000000
1830.000000 0.000000
1831.000000 0.000000
1832.000000 0.000000
1833.000000 0.000000
1834.000000 0.000000
1835.000000 0.000000
1836.000000 0.000000
1837.000000 0.000000
1838.000000 0.000000
1839.000000 0.000000
1840.000000 0.000000
1841.000000 0.000000
1842.000000 0.000000
1843.000000 0.000000
1844.000000 0.000000
1845.000000 0.000000
1846.000000 0.000000
1847.000000 0.000000
1848.000000 0.000000
1849.000000 0.000000
1850.000000 0.000000
1851.000000 0.000000
1852.000000 0.000000
1853.000000 0.000000
1854.000000 0.000000
1855.000000 0.000000
1856.000000 0.000000
1857.000000 0.000000
1858.000000 0.000000
1859.000000 0.000000
1860.000000 0.000000
1861.000000 0.000000
1862.000000 0.000000
1863.000000 0.000000
1864.000000 0.000000
1865.000000 0.000000
1866.000000 0.000000
1867.000000 0.000000
1868.000000 0.000000
1869.000000 0.000000
1870.000000 0.000000
1871.000000 0.000000
1872.000000 0.000000
1873.000000 0.000000
1874.000000 0.000000
1875.000000 0.000000
1876.000000 0.000000
1877.000000 0.000000
1878.000000 0.000000
1879.000000 0.000000
1880.000000 0.000000
1881.000000 0.000000
1882.000000 0.000000
1883.000000 0.000000
1884.000000 0.000000
1885.000000 0.000000
1886.000000 0.000000
1887.000000 0.000000
1888.000000 0.000000
1889.000000 0.000000
1890.000000 0.000000
1891.000000 0.000000
1892.000000 0.000000
1893.000000 0.000000
1894.000000 0.000000
1895.000000 0.000000
1896.000000 0.000000
1897.000000 0.000000
1898.000000 0.000000
1899.000000 0.000000
1900.000000 0.000000
1901.000000 0.000000
1902.000000 0.000000
1903.000000 0.000000
1904.000000 0.000000
1905.000000 0.000000
1906.000000 0.000000
1907.000000 0.000000
1908.000000 0.000000
1909.000000 0.000000
1910.000000 0.000000
1911.000000 0.000000
1912.000000 0.000000
1913.000000 0.000000
1914.000000 0.000000
1915.000000 0.000000
1916.000000 0.000000
1917.000000 0.000000
1918.000000 0.000000
1919.000000 0.000000
1920.000000 0.000000
1921.000000 0.000000
1922.000000 0.000000
1923.000000 0.000000
1924.000000 0.000000
1925.000000 0.000000
1926.000000 0.000000
1927.000000 0.000000
1928.000000 0.000000
1929.000000 0.000000
1930.000000 0.000000
1931.000000 0.000000
1932.000000 0.000000
1933.000000 0.000000
1934.000000 0.000000
1935.000000 0.000000
1936.000000 0.000000
1937.000000 0.000000
1938.000000 0.000000
1939.000000 0.000000
1940.000000 0.000000
1941.000000 0.000000
1942.000000 0.000000
1943.000000 0.000000
1944.000000 0.000000
1945.000000 0.000000
1946.000000 0.000000
1947.000000 0.000000
1948.000000 0.000000
1949.000000 0.000000
1950.000000 0.000000
1951.000000 0.000000
1952.000000 0.000000
1953.000000 0.000000
1954.000000 0.000000
1955.000000 0.000000
1956.000000 0.000000
1957.000000 0.000000
1958.000000 0.000000
1959.000000 0.000000
1960.000000 0.000000
1961.000000 0.000000
1962.000000 0.000000
1963.000000 0.000000
1964.000000 0.000000
1965.000000 0.000000
1966.000000 0.000000
1967.000000 0.000000
1968.000000 0.000000
1969.000000 0.000000
1970.000000 0.000000
1971.000000 0.000000
1972.000000 0.000000
1973.000000 0.000000
1974.000000 0.000000
1975.000000 0.000000
1976.000000 0.000000
1977.000000 0.000000
1978.000000 0.000000
1979.000000 0.000000
1980.000000 0.000000
1981.000000 0.000000
1982.000000 0.000000
1983.000000 0.000000
1984.000000 0.000000
1985.000000 0.000000
1986.000000 0.000000
1987.000000 0.000000
1988.000000 0.000000
1989.000000 0.000000
1990.000000 0.000000
1991.000000 0.000000
1992.000000 0.000000
1993.000000 0.000000
1994.000000 0.000000
1995.000000 0.000000
1996.000000 0.000000
1997.000000 0.000000
1998.000000 0.000000
1999.000000 0.000000
2000.000000 0.000000
2001.000000 0.000000
2002.000000 0.000000
2003.000000 0.000000
2004.000000 0.000000
2005.000000 0.000000
2006.000000 0.000000
2007.000000 0.000000
2008.000000 0.000000
2009.000000 0.000000
2010.000000 0.000000
2011.000000 0.000000
2012.000000 0.000000
2013.000000 0.000000
2014.000000 0.000000
2015.000000 0.000000
2016.000000 0.000000
2017.000000 0.000000
2018.000000 0.000000
2019.000000 0.000000
2020.000000 0.000000
2021.000000 0.000000
2022.000000 0.000000
2023.000000 0.000000
2024.000000 0.000000
2025.000000 0.000000
2026.000000 0.000000
2027.000000 0.000000
2028.000000 0.000000
2029.000000 0.000000
2030.000000 0.000000
2031.000000 0.000000
2032.000000 0.000000
2033.000000 0.000000
2034.000000 0.000000
2035.000000 0.000000
2036.000000 0.000000
2037.000000 0.000000
2038.000000 0.000000
2039.000000 0.000000
2040.000000 0.000000
2041.000000 0.000000
2042.000000 0.000000
2043.000000 0.000000
2044.000000 0.000000
2045.000000 0.000000
2046.000000 0.000000
2047.000000 0.000000
2048.000000 0.000000
2049.000000 0.000000
2050.000000 0.000000
2051.000000 0.000000
2052.000000 0.000000
2053.000000 0.000000
2054.000000 0.000000
2055.000000 0.000000
2056.000000 0.000000
2057.000000 0.000000
2058.000000 0.000000
2059.000000 0.000000
2060.000000 0.000000
2061.000000 0.000000
2062.000000 0.000000
2063.000000 0.000000
2064.000000 0.000000
2065.000000 0.000000
2066.000000 0.000000
2067.000000 0.000000
2068.000000 0.000000
2069.000000 0.000000
2070.000000 0.000000
2071.000000 0.000000
2072.000000 0.000000
2073.000000 0.000000
2074.000000 0.000000
2075.000000 0.000000
2076.000000 0.000000
2077.000000 0.000000
2078.000000 0.000000
2079.000000 0.000000
2080.000000 0.000000
2081.000000 0.000000
2082.000000 0.000000
2083.000000 0.000000
2084.000000 0.000000
2085.000000 0.000000
2086.000000 0.000000
2087.000000 0.000000
2088.000000 0.000000
2089.000000 0.000000
2090.000000 0.000000
2091.000000 0.000000
2092.000000 0.000000
2093.000000 0.000000
2094.000000 0.000000
2095.000000 0.000000
2096.000000 0.000000
2097.000000 0.000000
2098.000000 0.000000
2099.000000 0.000000
2100.000000 0.000000
2101.000000 0.000000
2102.000000 0.000000
2103.000000 0.000000
2104.000000 0.000000
2105.000000 0.000000
2106.000000 0.000000
2107.000000 0.000000
2108.000000 0.000000
2109.000000 0.000000
2110.000000 0.000000
2111.000000 0.000000
2112.000000 0.000000
2113.000000 0.000000
2114.000000 0.000000
2115.000000 0.000000
2116.000000 0.000000
2117.000000 0.000000
2118.000000 0.000000
2119.000000 0.000000
2120.000000 0.000000
2121.000000 0.000000
2122.000000 0.000000
2123.000000 0.000000
2124.000000 0.000000
2125.000000 0.000000
2126.000000 0.000000
2127.000000 0.000000
2128.000000 0.000000
2129.000000 0.000000
2130.000000 0.000000
2131.000000 0.000000
2132.000000 0.000000
2133.000000 0.000000
2134.000000 0.000000
2135.000000 0.000000
2136.000000 0.000000
2137.000000 0.000000
2138.000000 0.000000
2139.000000 0.000000
2140.000000 0.000000
2141.000000 0.000000
2142.000000 0.000000
2143.000000 0.000000
2144.000000 0.000000
2145.000000 0.000000
2146.000000 0.000000
2147.000000 0.000000
2148.000000 0.000000
2149.000000 0.000000
2150.000000 0.000000
2151.000000 0.000000
2152.000000 0.000000
2153.000000 0.000000
2154.000000 0.000000
2155.000000 0.000000
2156.000000 0.000000
2157.000000 0.000000
2158.000000 0.000000
2159.000000 0.000000
2160.000000 0.000000
2161.000000 0.000000
2162.000000 0.000000
2163.000000 0.000000
2164.000000 0.000000
2165.000000 0.000000
2166.000000 0.000000
2167.000000 0.000000
2168.000000 0.000000
2169.000000 0.000000
2170.000000 0.000000
2171.000000 0.000000
2172.000000 0.000000
2173.000000 0.000000
2174.000000 0.000000
2175.000000 0.000000
2176.000000 0.000000
2177.000000 0.000000
2178.000000 0.000000
2179.000000 0.000000
2180.000000 0.000000
2181.000000 0.000000
2182.000000 0.000000
2183.000000 0.000000
2184.000000 0.000000
2185.000000 0.000000
2186.000000 0.000000
2187.000000 0.000000
2188.000000 0.000000
2189.000000 0.000000
2190.000000 0.000000
2191.000000 0.000000
2192.000000 0.000000
2193.000000 0.000000
2194.000000 0.000000
2195.000000 0.000000
2196.000000 0.000000
2197.000000 0.000000
2198.000000 0.000000
2199.000000 0.000000
2200.000000 0.000000
2201.000000 0.000000
2202.000000 0.000000
2203.000000 0.000000
2204.000000 0.000000
2205.000000 0.000000
2206.000000 0.000000
2207.000000 0.000000
2208.000000 0.000000
2209.000000 0.000000
2210.000000 0.000000
2211.000000 0.000000
2212.000000 0.000000
2213.000000 0.000000
2214.000000 0.000000
2215.000000 0.000000
2216.000000 0.000000
2217.000000 0.000000
2218.000000 0.000000
2219.000000 0.000000
2220.000000 0.000000
2221.000000 0.000000
2222.000000 0.000000
2223.000000 0.000000
2224.000000 0.000000
2225.000000 0.000000
2226.000000 0.000000
2227.000000 0.000000
2228.000000 0.000000
2229.000000 0.000000
2230.000000 0.000000
2231.000000 0.000000
2232.000000 0.000000
2233.000000 0.000000
2234.000000 0.000000
2235.000000 0.000000
2236.000000 0.000000
2237.000000 0.000000
2238.000000 0.000000
2239.000000 0.000000
2240.000000 0.000000
2241.000000 0.000000
2242.000000 0.000000
2243.000000 0.000000
2244.000000 0.000000
2245.000000 0.000000
2246.000000 0.000000
2247.000000 0.000000
2248.000000 0.000000
2249.000000 0.000000
2250.000000 0.000000
2251.000000 0.000000
2252.000000 0.000000
2253.000000 0.000000
2254.000000 0.000000
2255.000000 0.000000
2256.000000 0.000000
2257.000000 0.000000
2258.000000 0.000000
2259.000000 0.000000
2260.000000 0.000000
2261.000000 0.000000
2262.000000 0.000000
2263.000000 0.000000
2264.000000 0.000000
2265.000000 0.000000
2266.000000 0.000000
2267.000000 0.000000
2268.000000 0.000000
2269.000000 0.000000
2270.000000 0.000000
2271.000000 0.000000
2272.000000 0.000000
2273.000000 0.000000
2274.000000 0.000000
2275.000000 0.000000
2276.000000 0.000000
2277.000000 0.000000
2278.000000 0.000000
2279.000000 0.000000
2280.000000 0.000000
2281.000000 0.000000
2282.000000 0.000000
2283.000000 0.000000
2284.000000 0.000000
2285.000000 0.000000
2286.000000 0.000000
2287.000000 0.000000
2288.000000 0.000000
2289.000000 0.000000
2290.000000 0.000000
2291.000000 0.000000
2292.000000 0.000000
2293.000000 0.000000
2294.000000 0.000000
2295.000000 0.000000
2296.000000 0.000000
2297.000000 0.000000
2298.000000 0.000000
2299.000000 0.000000
2300.000000 0.000000
2301.000000 0.000000
2302.000000 0.000000
2303.000000 0.000000
2304.000000 0.000000
2305.000000 0.000000
2306.000000 0.000000
2307.000000 0.000000
2308.000000 0.000000
2309.000000 0.000000
2310.000000 0.000000
2311.000000 0.000000
2312.000000 0.000000
2313.000000 0.000000
2314.000000 0.000000
2315.000000 0.000000
2316.000000 0.000000
2317.000000 0.000000
2318.000000 0.000000
2319.000000 0.000000
2320.000000 0.000000
2321.000000 0.000000
2322.000000 0.000000
2323.000000 0.000000
2324.000000 0.000000
2325.000000 0.000000
2326.000000 0.000000
2327.000000 0.000000
2328.000000 0.000000
2329.000000 0.000000
2330.000000 0.000000
2331.000000 0.000000
2332.000000 0.000000
2333.000000 0.000000
2334.000000 0.000000
2335.000000 0.000000
2336.000000 0.000000
2337.000000 0.000000
2338.000000 0.000000
2339.000000 0.000000
2340.000000 0.000000
2341.000000 0.000000
2342.000000 0.000000
2343.000000 0.000000
2344.000000 0.000000
2345.000000 0.000000
2346.000000 0.000000
2347.000000 0.000000
2348.000000 0.000000
2349.000000 0.000000
2350.000000 0.000000
2351.000000 0.000000
2352.000000 0.000000
2353.000000 0.000000
2354.000000 0.000000
2355.000000 0.000000
2356.000000 0.000000
2357.000000 0.000000
2358.000000 0.000000
2359.000000 0.000000
2360.000000 0.000000
2361.000000 0.000000
2362.000000 0.000000
2363.000000 0.000000
2364.000000 0.000000
2365.000000 0.000000
2366.000000 0.000000
2367.000000 0.000000
2368.000000 0.000000
2369.000000 0.000000
2370.000000 0.000000
2371.000000 0.000000
2372.000000 0.000000
2373.000000 0.000000
2374.000000 0.000000
2375.000000 0.000000
2376.000000 0.000000
2377.000000 0.000000
2378.000000 0.000000
2379.000000 0.000000
2380.000000 0.000000
2381.000000 0.000000
2382.000000 0.000000
2383.000000 0.000000
2384.000000 0.000000
2385.000000 0.000000
2386.000000 0.000000
2387.000000 0.000000
2388.000000 0.000000
2389.000000 0.000000
2390.000000 0.000000
2391.000000 0.000000
2392.000000 0.000000
2393.000000 0.000000
2394.000000 0.000000
2395.000000 0.000000
2396.000000 0.000000
2397.000000 0.000000
2398.000000 0.000000
2399.000000 0.000000
2400.000000 0.000000
2401.000000 0.000000
2402.000000 0.000000
2403.000000 0.000000
2404.000000 0.000000
2405.000000 0.000000
2406.000000 0.000000
2407.000000 0.000000
2408.000000 0.000000
2409.000000 0.000000
2410.000000 0.000000
2411.000000 0.000000
2412.000000 0.000000
2413.000000 0.000000
2414.000000 0.000000
2415.000000 0.000000
2416.000000 0.000000
2417.000000 0.000000
2418.000000 0.000000
2419.000000 0.000000
2420.000000 0.000000
2421.000000 0.000000
2422.000000 0.000000
2423.000000 0.000000
2424.000000 0.000000
2425.000000 0.000000
2426.000000 0.000000
2427.000000 0.000000
2428.000000 0.000000
2429.000000 0.000000
2430.000000 0.000000
2431.000000 0.000000
2432.000000 0.000000
2433.000000 0.000000
2434.000000 0.000000
2435.000000 0.000000
2436.000000 0.000000
2437.000000 0.000000
2438.000000 0.000000
2439.000000 0.000000
2440.000000 0.000000
2441.000000 0.000000
2442.000000 0.000000
2443.000000 0.000000
2444.000000 0.000000
2445.000000 0.000000
2446.000000 0.000000
2447.000000 0.000000
2448.000000 0.000000
2449.000000 0.000000
2450.000000 0.000000
2451.000000 0.000000
2452.000000 0.000000
2453.000000 0.000000
2454.000000 0.000000
2455.000000 0.000000
2456.000000 0.000000
2457.000000 0.000000
2458.000000 0.000000
2459.000000 0.000000
2460.000000 0.000000
2461.000000 0.000000
2462.000000 0.000000
2463.000000 0.000000
2464.000000 0.000000
2465.000000 0.000000
2466.000000 0.000000
2467.000000 0.000000
2468.000000 0.000000
2469.000000 0.000000
2470.000000 0.000000
2471.000000 0.000000
2472.000000 0.000000
2473.000000 0.000000
2474.000000 0.000000
2475.000000 0.000000
2476.000000 0.000000
2477.000000 0.000000
2478.000000 0.000000
2479.000000 0.000000
2480.000000 0.000000
2481.000000 0.000000
2482.000000 0.000000
2483.000000 0.000000
2484.000000 0.000000
2485.000000 0.000000
2486.000000 0.000000
2487.000000 0.000000
2488.000000 0.000000
2489.000000 0.000000
2490.000000 0.000000
2491.000000 0.000000
2492.000000 0.000000
2493.000000 0.000000
2494.000000 0.000000
2495.000000 0.000000
2496.000000 0.000000
2497.000000 0.000000
2498.000000 0.000000
2499.000000 0.000000
2500.000000 0.000000
2501.000000 0.000000
2502.000000 0.000000
2503.000000 0.000000
2504.000000 0.000000
2505.000000 0.000000
2506.000000 0.000000
2507.000000 0.000000
2508.000000 0.000000
2509.000000 0.000000
2510.000000 0.000000
2511.000000 0.000000
2512.000000 0.000000
2513.000000 0.000000
2514.000000 0.000000
2515.000000 0.000000
2516.000000 0.000000
2517.000000 0.000000
2518.000000 0.000000
2519.000000 0.000000
2520.000000 0.000000
2521.000000 0.000000
2522.000000 0.000000
2523.000000 0.000000
2524.000000 0.000000
2525.000000 0.000000
2526.000000 0.000000
2527.000000 0.000000
2528.000000 0.000000
2529.000000 0.000000
2530.000000 0.000000
2531.000000 0.000000
2532.000000 0.000000
2533.000000 0.000000
2534.000000 0.000000
2535.000000 0.000000
2536.000000 0.000000
2537.000000 0.000000
2538.000000 0.000000
2539.000000 0.000000
2540.000000 0.000000
2541.000000 0.000000
2542.000000 0.000000
2543.000000 0.000000
2544.000000 0.000000
2545.000000 0.000000
2546.000000 0.000000
2547.000000 0.000000
2548.000000 0.000000
2549.000000 0.000000
2550.000000 0.000000
2551.000000 0.000000
2552.000000 0.000000
2553.000000 0.000000
2554.000000 0.000000
2555.000000 0.000000
2556.000000 0.000000
2557.000000 0.000000
2558.000000 0.000000
2559.000000 0.000000
2560.000000 0.000000
2561.000000 0.000000
2562.000000 0.000000
2563.000000 0.000000
2564.000000 0.000000
2565.000000 0.000000
2566.000000 0.000000
2567.000000 0.000000
2568.000000 0.000000
2569.000000 0.000000
2570.000000 0.000000
2571.000000 0.000000
2572.000000 0.000000
2573.000000 0.000000
2574.000000 0.000000
2575.000000 0.000000
2576.000000 0.000000
2577.000000 0.000000
2578.000000 0.000000
2579.000000 0.000000
2580.000000 0.000000
2581.000000 0.000000
2582.000000 0.000000
2583.000000 0.000000
2584.000000 0.000000
2585.000000 0.000000
2586.000000 0.000000
2587.000000 0.000000
2588.000000 0.000000
2589.000000 0.000000
2590.000000 0.000000
2591.000000 0.000000
2592.000000 0.000000
2593.000000 0.000000
2594.000000 0.000000
2595.000000 0.000000
2596.000000 0.000000
2597.000000 0.000000
2598.000000 0.000000
2599.000000 0.000000
2600.000000 0.000000
2601.000000 0.000000
2602.000000 0.000000
2603.000000 0.000000
2604.000000 0.000000
2605.000000 0.000000
2606.000000 0.000000
2607.000000 0.000000
2608.000000 0.000000
2609.000000 0.000000
2610.000000 0.000000
2611.000000 0.000000
2612.000000 0.000000
2613.000000 0.000000
2614.000000 0.000000
2615.000000 0.000000
2616.000000 0.000000
2617.000000 0.000000
2618.000000 0.000000
2619.000000 0.000000
2620.000000 0.000000
2621.000000 0.000000
2622.000000 0.000000
2623.000000 0.000000
2624.000000 0.000000
2625.000000 0.000000
2626.000000 0.000000
2627.000000 0.000000
2628.000000 0.000000
2629.000000 0.000000
2630.000000 0.000000
2631.000000 0.000000
2632.000000 0.000000
2633.000000 0.000000
2634.000000 0.000000
2635.000000 0.000000
2636.000000 0.000000
2637.000000 0.000000
2638.000000 0.000000
2639.000000 0.000000
2640.000000 0.000000
2641.000000 0.000000
2642.000000 0.000000
2643.000000 0.000000
2644.000000 0.000000
2645.000000 0.000000
2646.000000 0.000000
2647.000000 0.000000
2648.000000 0.000000
2649.000000 0.000000
2650.000000 0.000000
2651.000000 0.000000
2652.000000 0.000000
2653.000000 0.000000
2654.000000 0.000000
2655.000000 0.000000
2656.000000 0.000000
2657.000000 0.000000
2658.000000 0.000000
2659.000000 0.000000
2660.000000 0.000000
2661.000000 0.000000
2662.000000 0.000000
2663.000000 0.000000
2664.000000 0.000000
2665.000000 0.000000
2666.000000 0.000000
2667.000000 0.000000
2668.000000 0.000000
2669.000000 0.000000
2670.000000 0.000000
2671.000000 0.000000
2672.000000 0.000000
2673.000000 0.000000
2674.000000 0.000000
2675.000000 0.000000
2676.000000 0.000000
2677.000000 0.000000
2678.000000 0.000000
2679.000000 0.000000
2680.000000 0.000000
2681.000000 0.000000
2682.000000 0.000000
2683.000000 0.000000
2684.000000 0.000000
2685.000000 0.000000
2686.000000 0.000000
2687.000000 0.000000
2688.000000 0.000000
2689.000000 0.000000
2690.000000 0.000000
2691.000000 0.000000
2692.000000 0.000000
2693.000000 0.000000
2694.000000 0.000000
2695.000000 0.000000
2696.000000 0.000000
2697.000000 0.000000
2698.000000 0.000000
2699.000000 0.000000
2700.000000 0.000000
2701.000000 0.000000
2702.000000 0.000000
2703.000000 0.000000
2704.000000 0.000000
2705.000000 0.000000
2706.000000 0.000000
2707.000000 0.000000
2708.000000 0.000000
2709.000000 0.000000
2710.000000 0.000000
2711.000000 0.000000
2712.000000 0.000000
2713.000000 0.000000
2714.000000 0.000000
2715.000000 0.000000
2716.000000 0.000000
2717.000000 0.000000
2718.000000 0.000000
2719.000000 0.000000
2720.000000 0.000000
2721.000000 0.000000
2722.000000 0.000000
2723.000000 0.000000
2724.000000 0.000000
2725.000000 0.000000
2726.000000 0.000000
2727.000000 0.000000
2728.000000 0.000000
2729.000000 0.000000
2730.000000 0.000000
2731.000000 0.000000
2732.000000 0.000000
2733.000000 0.000000
2734.000000 0.000000
2735.000000 0.000000
2736.000000 0.000000
2737.000000 0.000000
2738.000000 0.000000
2739.000000 0.000000
2740.000000 0.000000
2741.000000 0.000000
2742.000000 0.000000
2743.000000 0.000000
2744.000000 0.000000
2745.000000 0.000000
2746.000000 0.000000
2747.000000 0.000000
2748.000000 0.000000
2749.000000 0.000000
2750.000000 0.000000
2751.000000 0.000000
2752.000000 0.000000
2753.000000 0.000000
2754.000000 0.000000
2755.000000 0.000000
2756.000000 0.000000
2757.000000 0.000000
2758.000000 0.000000
2759.000000 0.000000
2760.000000 0.000000
2761.000000 0.000000
2762.000000 0.000000
2763.000000 0.000000
2764.000000 0.000000
2765.000000 0.000000
2766.000000 0.000000
2767.000000 0.000000
2768.000000 0.000000
2769.000000 0.000000
2770.000000 0.000000
2771.000000 0.000000
2772.000000 0.000000
2773.000000 0.000000
2774.000000 0.000000
2775.000000 0.000000
2776.000000 0.000000
2777.000000 0.000000
2778.000000 0.000000
2779.000000 0.000000
2780.000000 0.000000
2781.000000 0.000000
2782.000000 0.000000
2783.000000 0.000000
2784.000000 0.000000
2785.000000 0.000000
2786.000000 0.000000
2787.000000 0.000000
2788.000000 0.000000
2789.000000 0.000000
2790.000000 0.000000
2791.000000 0.000000
2792.000000 0.000000
2793.000000 0.000000
2794.000000 0.000000
2795.000000 0.000000
2796.000000 0.000000
2797.000000 0.000000
2798.000000 0.000000
2799.000000 0.000000
2800.000000 0.000000
2801.000000 0.000000
2802.000000 0.000000
2803.000000 0.000000
2804.000000 0.000000
2805.000000 0.000000
2806.000000 0.000000
2807.000000 0.000000
2808.000000 0.000000
2809.000000 0.000000
2810.000000 0.000000
2811.000000 0.000000
2812.000000 0.000000
2813.000000 0.000000
2814.000000 0.000000
2815.000000 0.000000
2816.000000 0.000000
2817.000000 0.000000
2818.000000 0.000000
2819.000000 0.000000
2820.000000 0.000000
2821.000000 0.000000
2822.000000 0.000000
2823.000000 0.000000
2824.000000 0.000000
2825.000000 0.000000
2826.000000 0.000000
2827.000000 0.000000
2828.000000 0.000000
2829.000000 0.000000
2830.000000 0.000000
2831.000000 0.000000
2832.000000 0.000000
2833.000000 0.000000
2834.000000 0.000000
2835.000000 0.000000
2836.000000 0.000000
2837.000000 0.000000
2838.000000 0.000000
2839.000000 0.000000
2840.000000 0.000000
2841.000000 0.000000
2842.000000 0.000000
2843.000000 0.000000
2844.000000 0.000000
2845.000000 0.000000
2846.000000 0.000000
2847.000000 0.000000
2848.000000 0.000000
2849.000000 0.000000
2850.000000 0.000000
2851.000000 0.000000
2852.000000 0.000000
2853.000000 0.000000
2854.000000 0.000000
2855.000000 0.000000
2856.000000 0.000000
2857.000000 0.000000
2858.000000 0.000000
2859.000000 0.000000
2860.000000 0.000000
2861.000000 0.000000
2862.000000 0.000000
2863.000000 0.000000
2864.000000 0.000000
2865.000000 0.000000
2866.000000 0.000000
2867.000000 0.000000
2868.000000 0.000000
2869.000000 0.000000
2870.000000 0.000000
2871.000000 0.000000
2872.000000 0.000000
2873.000000 0.000000
2874.000000 0.000000
2875.000000 0.000000
2876.000000 0.000000
2877.000000 0.000000
2878.000000 0.000000
2879.000000 0.000000
2880.000000 0.000000
2881.000000 0.000000
2882.000000 0.000000
2883.000000 0.000000
2884.000000 0.000000
2885.000000 0.000000
2886.000000 0.000000
2887.000000 0.000000
2888.000000 0.000000
2889.000000 0.000000
2890.000000 0.000000
2891.000000 0.000000
2892.000000 0.000000
2893.000000 0.000000
2894.000000 0.000000
2895.000000 0.000000
2896.000000 0.000000
2897.000000 0.000000
2898.000000 0.000000
2899.000000 0.000000
2900.000000 0.000000
2901.000000 0.000000
2902.000000 0.000000
2903.000000 0.000000
2904.000000 0.000000
2905.000000 0.000000
2906.000000 0.000000
2907.000000 0.000000
2908.000000 0.000000
2909.000000 0.000000
2910.000000 0.000000
2911.000000 0.000000
2912.000000 0.000000
2913.000000 0.000000
2914.000000 0.000000
2915.000000 0.000000
2916.000000 0.000000
2917.000000 0.000000
2918.000000 0.000000
2919.000000 0.000000
2920.000000 0.000000
2921.000000 0.000000
2922.000000 0.000000
2923.000000 0.000000
2924.000000 0.000000
2925.000000 0.000000
2926.000000 0.000000
2927.000000 0.000000
2928.000000 0.000000
2929.000000 0.000000
2930.000000 0.000000
2931.000000 0.000000
2932.000000 0.000000
2933.000000 0.000000
2934.000000 0.000000
2935.000000 0.000000
2936.000000 0.000000
2937.000000 0.000000
2938.000000 0.000000
2939.000000 0.000000
2940.000000 0.000000
2941.000000 0.000000
2942.000000 0.000000
2943.000000 0.000000
2944.000000 0.000000
2945.000000 0.000000
2946.000000 0.000000
2947.000000 0.000000
2948.000000 0.000000
2949.000000 0.000000
2950.000000 0.000000
2951.000000 0.000000
2952.000000 0.000000
2953.000000 0.000000
2954.000000 0.000000
2955.000000 0.000000
2956.000000 0.000000
2957.000000 0.000000
2958.000000 0.000000
2959.000000 0.000000
2960.000000 0.000000
2961.000000 0.000000
2962.000000 0.000000
2963.000000 0.000000
2964.000000 0.000000
2965.000000 0.000000
2966.000000 0.000000
2967.000000 0.000000
2968.000000 0.000000
2969.000000 0.000000
2970.000000 0.000000
2971.000000 0.000000
2972.000000 0.000000
2973.000000 0.000000
2974.000000 0.000000
2975.000000 0.000000
2976.000000 0.000000
2977.000000 0.000000
2978.000000 0.000000
2979.000000 0.000000
2980.000000 0.000000
2981.000000 0.000000
2982.000000 0.000000
2983.000000 0.000000
2984.000000 0.000000
2985.000000 0.000000
2986.000000 0.000000
2987.000000 0.000000
2988.000000 0.000000
2989.000000 0.000000
2990.000000 0.000000
2991.000000 0.000000
2992.000000 0.000000
2993.000000 0.000000
2994.000000 0.000000
2995.000000 0.000000
2996.000000 0.000000
2997.000000 0.000000
2998.000000 0.000000
2999.000000 0.000000
