0.000000 25.000000
1.000000 29.324967
2.000000 32.697717
3.000000 35.300684
4.000000 37.282303
5.000000 38.644854
6.000000 39.631173
7.000000 40.316175
8.000000 40.760767
9.000000 41.024634
10.000000 41.161092
11.000000 41.214841
12.000000 41.221477
13.000000 41.089219
14.000000 40.981689
15.000000 40.906583
16.000000 40.729221
17.000000 40.500235
18.000000 40.356610
19.000000 40.285406
20.000000 40.156200
21.000000 40.102527
22.000000 39.991006
23.000000 39.815312
24.000000 39.609703
25.000000 39.380939
26.000000 39.252720
27.000000 39.084662
28.000000 38.865251
29.000000 38.743826
30.000000 38.580349
31.000000 38.383280
32.000000 38.159259
33.000000 37.893711
34.000000 37.615017
35.000000 37.325791
36.000000 37.146499
37.000000 36.934292
38.000000 36.675815
39.000000 36.400282
40.000000 36.110892
41.000000 35.810068
42.000000 35.479867
43.000000 35.264220
44.000000 35.018974
45.000000 34.749523
46.000000 34.460185
47.000000 34.134638
48.000000 33.918169
49.000000 33.667477
50.000000 33.388478
51.000000 33.204670
52.000000 32.975616
53.000000 32.689937
54.000000 32.496984
55.000000 32.375226
56.000000 32.188974
57.000000 32.068999
58.000000 31.880686
59.000000 31.755837
60.000000 31.560737
61.000000 31.427606
62.000000 31.341664
63.000000 31.291282
64.000000 31.128914
65.000000 31.154210
66.000000 31.186821
67.000000 31.085075
68.000000 31.014877
69.000000 30.968326
70.000000 31.077503
71.000000 31.030765
72.000000 30.998739
73.000000 30.977606
74.000000 30.964597
75.000000 30.957384
76.000000 30.954105
77.000000 30.953336
78.000000 30.835860
79.000000 30.745615
80.000000 30.677076
81.000000 30.625781
82.000000 30.588139
83.000000 30.561276
84.000000 30.542901
85.000000 30.531189
86.000000 30.524411
87.000000 30.521059
88.000000 30.401397
89.000000 30.309032
90.000000 30.238239
91.000000 30.184436
92.000000 30.143978
93.000000 30.113974
94.000000 30.092141
95.000000 30.076684
96.000000 30.065913
97.000000 30.058361
98.000000 30.052828
99.000000 30.048380
100.000000 30.044323
101.000000 30.040174
102.000000 30.035616
103.000000 30.030471
104.000000 30.024659
105.000000 30.018172
106.000000 30.011054
107.000000 30.003374
108.000000 29.995219
109.000000 30.105171
110.000000 30.188734
111.000000 30.250984
112.000000 30.414546
113.000000 30.419712
114.000000 30.537288
115.000000 30.623984
116.000000 30.685843
117.000000 30.609565
118.000000 30.544080
119.000000 30.487962
120.000000 30.440306
121.000000 30.400167
122.000000 30.485385
123.000000 30.550842
124.000000 30.482538
125.000000 30.428322
126.000000 30.504100
127.000000 30.563028
128.000000 30.608175
129.000000 30.641994
130.000000 30.666745
131.000000 30.822653
132.000000 30.942434
133.000000 31.032932
134.000000 31.099937
135.000000 31.148275
136.000000 31.181920
137.000000 31.204103
138.000000 31.217429
139.000000 31.224304
140.000000 31.226794
141.000000 31.226577
142.000000 31.224953
143.000000 31.341369
144.000000 31.431908
145.000000 31.501993
146.000000 31.555928
147.000000 31.597120
148.000000 31.509766
149.000000 31.440569
150.000000 31.386202
151.000000 31.344201
152.000000 31.312662
153.000000 31.290055
154.000000 31.275105
155.000000 31.266716
156.000000 31.263651
157.000000 31.264698
158.000000 31.130522
159.000000 31.028868
160.000000 30.953147
161.000000 30.898020
162.000000 30.859183
163.000000 30.833182
164.000000 30.817258
165.000000 30.809212
166.000000 30.945215
167.000000 31.054792
168.000000 31.142297
169.000000 31.211321
170.000000 31.264869
171.000000 31.305477
172.000000 31.335307
173.000000 31.356206
174.000000 31.370086
175.000000 31.378723
176.000000 31.383664
177.000000 31.386187
178.000000 31.387305
179.000000 31.249543
180.000000 31.142128
181.000000 31.059601
182.000000 30.997443
183.000000 30.951910
184.000000 30.919894
185.000000 30.898817
186.000000 30.768052
187.000000 30.670088
188.000000 30.598049
189.000000 30.546285
190.000000 30.510214
191.000000 30.486166
192.000000 30.471235
193.000000 30.463148
194.000000 30.459867
195.000000 30.459686
196.000000 30.461254
197.000000 30.582048
198.000000 30.676766
199.000000 30.749928
200.000000 30.805315
201.000000 30.846100
202.000000 30.874943
203.000000 30.775587
204.000000 30.694480
205.000000 30.628462
206.000000 30.575123
207.000000 30.532555
208.000000 30.499199
209.000000 30.473739
210.000000 30.455036
211.000000 30.323318
212.000000 30.221915
213.000000 30.144703
214.000000 30.086656
215.000000 30.043684
216.000000 30.012484
217.000000 29.990411
218.000000 29.975364
219.000000 29.965405
220.000000 29.958875
221.000000 29.954434
222.000000 29.951048
223.000000 29.947961
224.000000 29.944654
225.000000 29.940797
226.000000 29.936210
227.000000 29.930823
228.000000 30.043137
229.000000 30.128632
230.000000 30.192397
231.000000 30.238601
232.000000 30.270659
233.000000 30.291363
234.000000 30.302990
235.000000 30.307397
236.000000 30.306369
237.000000 30.301491
238.000000 30.294082
239.000000 30.285192
240.000000 30.275617
241.000000 30.265929
242.000000 30.256516
243.000000 30.247616
244.000000 30.239352
245.000000 30.231759
246.000000 30.106326
247.000000 30.007573
248.000000 29.930422
249.000000 29.870720
250.000000 29.825069
251.000000 29.790697
252.000000 29.883835
253.000000 29.958063
254.000000 30.016605
255.000000 30.061956
256.000000 30.096113
257.000000 30.120725
258.000000 30.255682
259.000000 30.357613
260.000000 30.432857
261.000000 30.486778
262.000000 30.523848
263.000000 30.547744
264.000000 30.561456
265.000000 30.567386
266.000000 30.567722
267.000000 30.564322
268.000000 30.558682
269.000000 30.551946
270.000000 30.544949
271.000000 30.538259
272.000000 30.532231
273.000000 30.527055
274.000000 30.522799
275.000000 30.519445
276.000000 30.516918
277.000000 30.515112
278.000000 30.513908
279.000000 30.513186
280.000000 30.512831
281.000000 30.394253
282.000000 30.301947
283.000000 30.230845
284.000000 30.176828
285.000000 30.136548
286.000000 30.107284
287.000000 30.086829
288.000000 30.073394
289.000000 30.065247
290.000000 30.060854
291.000000 29.940440
292.000000 29.847566
293.000000 29.776460
294.000000 29.722496
295.000000 29.681987
296.000000 29.652009
297.000000 29.630253
298.000000 29.614899
299.000000 29.604242
300.000000 29.596805
301.000000 29.591378
302.000000 29.587022
303.000000 29.583042
304.000000 29.578954
305.000000 29.574441
306.000000 29.569325
307.000000 29.563528
308.000000 29.557045
309.000000 29.549920
310.000000 29.542225
311.000000 29.534048
312.000000 29.525478
313.000000 29.516603
314.000000 29.507500
315.000000 29.498238
316.000000 29.488871
317.000000 29.479443
318.000000 29.469986
319.000000 29.460525
320.000000 29.451075
321.000000 29.441646
322.000000 29.432242
323.000000 29.422864
324.000000 29.413512
325.000000 29.404183
326.000000 29.394873
327.000000 29.385579
328.000000 29.376297
329.000000 29.367023
330.000000 29.357755
331.000000 29.348490
332.000000 29.339226
333.000000 29.329962
334.000000 29.439189
335.000000 29.522327
336.000000 29.584372
337.000000 29.629391
338.000000 29.660694
339.000000 29.799464
340.000000 29.903311
341.000000 29.979014
342.000000 30.032364
343.000000 30.068207
344.000000 30.090517
345.000000 30.102510
346.000000 30.106745
347.000000 30.105511
348.000000 30.100727
349.000000 30.093913
350.000000 30.086218
351.000000 30.078463
352.000000 30.071194
353.000000 30.202981
354.000000 30.305308
355.000000 30.384048
356.000000 30.443901
357.000000 30.488632
358.000000 30.521259
359.000000 30.544203
360.000000 30.559410
361.000000 30.568772
362.000000 30.435734
363.000000 30.330384
364.000000 30.248015
365.000000 30.184738
366.000000 30.137312
367.000000 30.103015
368.000000 30.079553
369.000000 30.064986
370.000000 30.057344
371.000000 30.054817
372.000000 29.937355
373.000000 29.966754
374.000000 29.992432
375.000000 30.014572
376.000000 30.033398
377.000000 30.049176
378.000000 30.062198
379.000000 30.072776
380.000000 30.080943
381.000000 30.086925
382.000000 30.091038
383.000000 30.093629
384.000000 30.095034
385.000000 30.095554
386.000000 30.095453
387.000000 30.094946
388.000000 30.094205
389.000000 30.093357
390.000000 30.092499
391.000000 30.091691
392.000000 29.972481
393.000000 29.879467
394.000000 29.807659
395.000000 29.752985
396.000000 29.712127
397.000000 29.682379
398.000000 29.661537
399.000000 29.766300
400.000000 29.850348
401.000000 29.917133
402.000000 29.969427
403.000000 30.009508
404.000000 30.039281
405.000000 30.060369
406.000000 30.074165
407.000000 30.082157
408.000000 30.085754
409.000000 30.086199
410.000000 30.084533
411.000000 30.081590
412.000000 30.078011
413.000000 30.074262
414.000000 29.952173
415.000000 29.975020
416.000000 29.993335
417.000000 30.008091
418.000000 30.020038
419.000000 30.029756
420.000000 30.037690
421.000000 30.044184
422.000000 30.049226
423.000000 30.052947
424.000000 30.055539
425.000000 30.057218
426.000000 30.058189
427.000000 30.058639
428.000000 30.058726
429.000000 30.058580
430.000000 30.058305
431.000000 30.057977
432.000000 30.057652
433.000000 30.057367
434.000000 30.057145
435.000000 30.056996
436.000000 30.056924
437.000000 30.056924
438.000000 30.056992
439.000000 30.057118
440.000000 30.057295
441.000000 30.057512
442.000000 30.057762
443.000000 30.058038
444.000000 30.058335
445.000000 30.058647
446.000000 30.058971
447.000000 30.059304
448.000000 30.059646
449.000000 30.059994
450.000000 39.934703
451.000000 47.635406
452.000000 53.578621
453.000000 58.103239
454.000000 61.485000
455.000000 63.948227
456.000000 65.675375
457.000000 66.814785
458.000000 67.510278
459.000000 67.771235
460.000000 67.849292
461.000000 67.824783
462.000000 67.640074
463.000000 67.364921
464.000000 67.029889
465.000000 66.693665
466.000000 66.377701
467.000000 66.094022
468.000000 65.828198
469.000000 65.486624
470.000000 65.210708
471.000000 64.852250
472.000000 64.451474
473.000000 64.117949
474.000000 63.738980
475.000000 63.304657
476.000000 62.846639
477.000000 62.349997
478.000000 61.842549
479.000000 61.306403
480.000000 60.766829
481.000000 60.204131
482.000000 59.642294
483.000000 59.060421
484.000000 58.599959
485.000000 58.114347
486.000000 57.587055
487.000000 57.044637
488.000000 56.586898
489.000000 56.094115
490.000000 55.689514
491.000000 55.212563
492.000000 54.814205
493.000000 54.336233
494.000000 53.931241
495.000000 53.461960
496.000000 53.038299
497.000000 52.667440
498.000000 52.216715
499.000000 51.799595
500.000000 51.426293
501.000000 51.084786
502.000000 50.627246
503.000000 50.333164
504.000000 49.927627
505.000000 49.550911
506.000000 49.174855
507.000000 48.816885
508.000000 48.470998
509.000000 48.132603
510.000000 47.778174
511.000000 47.429118
512.000000 47.082449
513.000000 46.735851
514.000000 46.367799
515.000000 46.119575
516.000000 45.844847
517.000000 45.547331
518.000000 45.230128
519.000000 44.876093
520.000000 44.630013
521.000000 44.466824
522.000000 44.247788
523.000000 44.101451
524.000000 44.010068
525.000000 43.959402
526.000000 43.938011
527.000000 43.818148
528.000000 43.737201
529.000000 43.684798
530.000000 43.652736
531.000000 43.634720
532.000000 43.507554
533.000000 43.412417
534.000000 43.203685
535.000000 43.044085
536.000000 43.061331
537.000000 42.940122
538.000000 42.986576
539.000000 43.025710
540.000000 43.058103
541.000000 43.084224
542.000000 43.222685
543.000000 43.328952
544.000000 43.289958
545.000000 43.373150
546.000000 43.432887
547.000000 43.473557
548.000000 43.617391
549.000000 43.722948
550.000000 43.916606
551.000000 44.060357
552.000000 44.164302
553.000000 44.236772
554.000000 44.422799
555.000000 44.559191
556.000000 44.774932
557.000000 44.934025
558.000000 44.930181
559.000000 44.917938
560.000000 44.900304
561.000000 44.879572
562.000000 44.976240
563.000000 45.047327
564.000000 45.099274
565.000000 45.137278
566.000000 45.165124
567.000000 45.185551
568.000000 45.200526
569.000000 45.329938
570.000000 45.430476
571.000000 45.508192
572.000000 45.567982
573.000000 45.613764
574.000000 45.767149
575.000000 45.886015
576.000000 45.977293
577.000000 46.046837
578.000000 46.099491
579.000000 46.139190
580.000000 46.169081
581.000000 46.191645
582.000000 46.209090
583.000000 46.223255
584.000000 46.235592
585.000000 46.247188
586.000000 46.258814
587.000000 46.270978
588.000000 46.283978
589.000000 46.297959
590.000000 46.312948
591.000000 46.210403
592.000000 46.134803
593.000000 46.081027
594.000000 46.044875
595.000000 46.022910
596.000000 46.012320
597.000000 45.892323
598.000000 45.805634
599.000000 45.863953
600.000000 45.917047
601.000000 45.965284
602.000000 46.008989
603.000000 46.048487
604.000000 46.084118
605.000000 46.115959
606.000000 46.144021
607.000000 46.168623
608.000000 46.190241
609.000000 46.209403
610.000000 46.226626
611.000000 46.242386
612.000000 46.257097
613.000000 46.271103
614.000000 46.284683
615.000000 46.298049
616.000000 46.311355
617.000000 46.324709
618.000000 46.338181
619.000000 46.351809
620.000000 46.365609
621.000000 46.379578
622.000000 46.393703
623.000000 46.407964
624.000000 46.422335
625.000000 46.436796
626.000000 46.451328
627.000000 46.465910
628.000000 46.362032
629.000000 46.402753
630.000000 46.438485
631.000000 46.470151
632.000000 46.380009
633.000000 46.313251
634.000000 46.146887
635.000000 46.021839
636.000000 45.929855
637.000000 45.726129
638.000000 45.574090
639.000000 45.463698
640.000000 45.386541
641.000000 45.335659
642.000000 45.305085
643.000000 45.289852
644.000000 45.285932
645.000000 45.171313
646.000000 45.087682
647.000000 45.027778
648.000000 44.985854
649.000000 44.957426
650.000000 44.939040
651.000000 44.928068
652.000000 44.922539
653.000000 44.920708
654.000000 44.921142
655.000000 44.922727
656.000000 44.924646
657.000000 44.926335
658.000000 44.927437
659.000000 44.927760
660.000000 44.927228
661.000000 44.925850
662.000000 44.923691
663.000000 44.920845
664.000000 45.035916
665.000000 45.124435
666.000000 45.191506
667.000000 45.241289
668.000000 45.277170
669.000000 45.301907
670.000000 45.317739
671.000000 45.326486
672.000000 45.329902
673.000000 45.329540
674.000000 45.326695
675.000000 45.322398
676.000000 45.317429
677.000000 45.193858
678.000000 45.096646
679.000000 45.021028
680.000000 44.963059
681.000000 44.919471
682.000000 44.887549
683.000000 44.865047
684.000000 44.850107
685.000000 44.722422
686.000000 44.743444
687.000000 44.643741
688.000000 44.567731
689.000000 44.510334
690.000000 44.467491
691.000000 44.435973
692.000000 44.413234
693.000000 44.396994
694.000000 44.385611
695.000000 44.377618
696.000000 44.371794
697.000000 44.367173
698.000000 44.481522
699.000000 44.569748
700.000000 44.518020
701.000000 44.474787
702.000000 44.438269
703.000000 44.407076
704.000000 44.380127
705.000000 44.475072
706.000000 44.546952
707.000000 44.600610
708.000000 44.639757
709.000000 44.667270
710.000000 44.685402
711.000000 44.695939
712.000000 44.700311
713.000000 44.699953
714.000000 44.696166
715.000000 44.690052
716.000000 44.682506
717.000000 44.674215
718.000000 44.784177
719.000000 44.868164
720.000000 44.931400
721.000000 44.978076
722.000000 44.893061
723.000000 44.823625
724.000000 44.885417
725.000000 44.931512
726.000000 44.965259
727.000000 44.989499
728.000000 45.006571
729.000000 45.018350
730.000000 45.026027
731.000000 45.030371
732.000000 45.032173
733.000000 45.032157
734.000000 45.030937
735.000000 45.029004
736.000000 45.026731
737.000000 45.024387
738.000000 45.022156
739.000000 45.020152
740.000000 45.018435
741.000000 45.155265
742.000000 45.261960
743.000000 45.344322
744.000000 45.407063
745.000000 45.454002
746.000000 45.488238
747.000000 45.512293
748.000000 45.646704
749.000000 45.748875
750.000000 45.825574
751.000000 45.882347
752.000000 45.923683
753.000000 45.953169
754.000000 45.973643
755.000000 45.987325
756.000000 45.996216
757.000000 46.001993
758.000000 46.005990
759.000000 45.890716
760.000000 45.801468
761.000000 45.733725
762.000000 45.683708
763.000000 45.510008
764.000000 45.378646
765.000000 45.281564
766.000000 45.212154
767.000000 45.164723
768.000000 45.015987
769.000000 44.906573
770.000000 44.828278
771.000000 44.774151
772.000000 44.738452
773.000000 44.716547
774.000000 44.704767
775.000000 44.700266
776.000000 44.700595
777.000000 44.703777
778.000000 44.708295
779.000000 44.713055
780.000000 44.717313
781.000000 44.720615
782.000000 44.722725
783.000000 44.605078
784.000000 44.512292
785.000000 44.439478
786.000000 44.382718
787.000000 44.338869
788.000000 44.305403
789.000000 44.280283
790.000000 44.261864
791.000000 44.248533
792.000000 44.238849
793.000000 44.231601
794.000000 44.344309
795.000000 44.431650
796.000000 44.498081
797.000000 44.547299
798.000000 44.582380
799.000000 44.605892
800.000000 44.619979
801.000000 44.626432
802.000000 44.627024
803.000000 44.623358
804.000000 44.616795
805.000000 44.608439
806.000000 44.599140
807.000000 44.589529
808.000000 44.580042
809.000000 44.689455
810.000000 44.773346
811.000000 44.718287
812.000000 44.672928
813.000000 44.754029
814.000000 44.815566
815.000000 44.861337
816.000000 44.775922
817.000000 44.706667
818.000000 44.650947
819.000000 44.606384
820.000000 44.570889
821.000000 44.542950
822.000000 44.521422
823.000000 44.505393
824.000000 44.493821
825.000000 44.485682
826.000000 44.480057
827.000000 44.476162
828.000000 44.473360
829.000000 44.471158
830.000000 44.350694
831.000000 44.374781
832.000000 44.275180
833.000000 44.197305
834.000000 44.136870
835.000000 44.090419
836.000000 44.055164
837.000000 44.028858
838.000000 44.009412
839.000000 43.995283
840.000000 43.985039
841.000000 43.977445
842.000000 43.971498
843.000000 43.966418
844.000000 43.961631
845.000000 43.956739
846.000000 43.951484
847.000000 43.945722
848.000000 43.939394
849.000000 44.050991
850.000000 44.135972
851.000000 44.199399
852.000000 44.363906
853.000000 44.488296
854.000000 44.580331
855.000000 44.646330
856.000000 44.691438
857.000000 44.720118
858.000000 44.736131
859.000000 44.742571
860.000000 44.742206
861.000000 44.737364
862.000000 44.729904
863.000000 44.721238
864.000000 44.712387
865.000000 44.704038
866.000000 44.696615
867.000000 44.690334
868.000000 44.685262
869.000000 44.681359
870.000000 44.678522
871.000000 44.676610
872.000000 44.556973
873.000000 44.464040
874.000000 44.392666
875.000000 44.338660
876.000000 44.298603
877.000000 44.269720
878.000000 44.249754
879.000000 44.236877
880.000000 44.229329
881.000000 44.225556
882.000000 44.224260
883.000000 44.224414
884.000000 44.225239
885.000000 44.107684
886.000000 44.015953
887.000000 44.063308
888.000000 44.100986
889.000000 44.130642
890.000000 44.153674
891.000000 44.171262
892.000000 44.184396
893.000000 44.312122
894.000000 44.410193
895.000000 44.484131
896.000000 44.538582
897.000000 44.577420
898.000000 44.603844
899.000000 44.620475
