0.000000 25.000000
1.000000 25.000000
2.000000 100.000000
3.000000 51.118066
4.000000 54.113985
5.000000 53.693538
6.000000 54.525877
7.000000 55.358215
8.000000 56.190553
9.000000 57.022891
10.000000 57.855230
11.000000 58.687568
12.000000 59.519906
13.000000 60.352244
14.000000 59.000534
15.000000 58.881141
16.000000 58.377273
17.000000 60.606380
18.000000 59.189857
19.000000 59.005651
20.000000 58.800977
21.000000 56.027780
22.000000 57.219876
23.000000 54.381865
24.000000 55.509148
25.000000 55.154381
26.000000 52.231089
27.000000 51.089043
28.000000 51.881313
29.000000 48.852274
30.000000 47.604479
31.000000 47.926993
32.000000 45.361601
33.000000 43.435253
34.000000 42.037365
35.000000 42.573793
36.000000 39.288912
37.000000 37.785276
38.000000 37.851949
39.000000 35.030714
40.000000 32.848525
41.000000 33.378844
42.000000 32.427113
43.000000 28.906858
44.000000 29.351896
45.000000 28.314884
46.000000 27.257405
47.000000 25.815451
48.000000 24.922424
49.000000 23.800132
50.000000 22.657372
51.000000 23.678194
52.000000 20.898174
53.000000 22.103915
54.000000 19.664025
55.000000 20.640501
56.000000 20.364192
57.000000 20.087883
58.000000 19.811574
59.000000 19.535265
60.000000 21.443004
61.000000 19.934378
62.000000 19.678536
63.000000 21.970751
64.000000 20.277206
65.000000 22.229291
66.000000 20.765010
67.000000 22.737563
68.000000 23.477798
69.000000 24.602509
70.000000 22.994244
71.000000 25.031610
72.000000 23.652610
73.000000 25.710443
74.000000 26.535959
75.000000 27.745950
76.000000 28.407015
77.000000 29.297344
78.000000 30.208140
79.000000 31.503412
80.000000 30.065708
81.000000 32.273635
82.000000 33.249244
83.000000 34.245321
84.000000 33.077817
85.000000 35.711154
86.000000 34.358731
87.000000 36.651939
88.000000 37.712829
89.000000 36.610138
90.000000 36.760231
91.000000 39.094374
92.000000 38.012150
93.000000 38.182711
94.000000 38.353272
95.000000 41.071890
96.000000 39.804747
97.000000 39.999187
98.000000 40.193626
99.000000 40.388066
100.000000 40.582506
101.000000 40.776945
102.000000 38.423328
103.000000 40.055472
104.000000 40.226033
105.000000 40.396594
106.000000 40.567155
107.000000 40.737716
108.000000 38.724229
109.000000 40.127108
110.000000 38.093153
111.000000 39.475564
112.000000 37.421142
113.000000 38.783086
114.000000 36.344188
115.000000 37.891051
116.000000 37.976332
117.000000 35.877564
118.000000 37.195162
119.000000 35.075927
120.000000 36.373058
121.000000 36.417403
122.000000 34.277701
123.000000 35.554364
124.000000 35.578243
125.000000 33.054065
126.000000 34.515647
127.000000 32.331598
128.000000 33.563916
129.000000 33.543449
130.000000 31.338933
131.000000 32.550783
132.000000 32.509848
133.000000 30.284865
134.000000 31.476248
135.000000 31.414846
136.000000 31.353444
137.000000 31.292042
138.000000 28.682583
139.000000 30.058885
140.000000 29.973605
141.000000 32.436381
142.000000 30.913396
143.000000 30.851994
144.000000 30.790592
145.000000 30.729190
146.000000 30.667788
147.000000 30.606386
148.000000 30.544984
149.000000 30.483582
150.000000 30.422180
151.000000 30.360778
152.000000 30.299376
153.000000 32.422023
154.000000 31.128303
155.000000 31.087369
156.000000 31.046434
157.000000 33.189548
158.000000 31.916296
159.000000 31.895828
160.000000 31.875361
161.000000 31.854894
162.000000 31.834426
163.000000 31.813959
164.000000 31.793492
165.000000 31.773024
166.000000 33.936606
167.000000 32.683821
168.000000 32.683821
169.000000 32.683821
170.000000 32.683821
171.000000 32.683821
172.000000 32.683821
173.000000 32.683821
174.000000 35.231878
175.000000 33.794174
176.000000 33.818052
177.000000 33.841931
178.000000 33.865809
179.000000 33.889688
180.000000 33.913566
181.000000 33.937445
182.000000 33.961323
183.000000 33.985202
184.000000 34.009081
185.000000 34.032959
186.000000 34.056838
187.000000 34.080716
188.000000 36.288643
189.000000 32.896156
190.000000 36.356868
191.000000 35.148429
192.000000 35.192775
193.000000 35.237121
194.000000 35.281466
195.000000 35.325812
196.000000 35.370158
197.000000 35.414504
198.000000 35.458850
199.000000 35.503196
200.000000 33.363493
201.000000 34.640157
202.000000 34.664035
203.000000 34.687914
204.000000 32.163736
205.000000 33.625318
206.000000 33.625318
207.000000 33.625318
208.000000 33.625318
209.000000 33.625318
210.000000 31.441269
211.000000 32.673587
212.000000 32.653120
213.000000 32.632652
214.000000 32.612185
215.000000 32.591718
216.000000 32.571250
217.000000 30.366734
218.000000 31.578585
219.000000 31.537650
220.000000 31.496715
221.000000 31.455781
222.000000 31.414846
223.000000 31.373911
224.000000 31.332977
225.000000 31.292042
226.000000 31.251107
227.000000 31.210173
228.000000 31.169238
229.000000 31.128303
230.000000 31.087369
231.000000 31.046434
232.000000 31.005499
233.000000 33.148613
234.000000 31.875361
235.000000 34.038942
236.000000 32.786157
237.000000 32.786157
238.000000 32.786157
239.000000 32.786157
240.000000 32.786157
241.000000 32.786157
242.000000 32.786157
243.000000 32.786157
244.000000 32.786157
245.000000 32.786157
246.000000 32.786157
247.000000 32.786157
248.000000 32.786157
249.000000 32.786157
250.000000 32.786157
251.000000 32.786157
252.000000 32.786157
253.000000 32.786157
254.000000 32.786157
255.000000 32.786157
256.000000 32.786157
257.000000 32.786157
258.000000 32.786157
259.000000 35.334214
260.000000 31.348453
261.000000 35.358093
262.000000 33.920389
263.000000 33.944267
264.000000 33.968146
265.000000 33.992024
266.000000 34.015903
267.000000 34.039782
268.000000 34.063660
269.000000 34.087539
270.000000 34.111417
271.000000 34.135296
272.000000 34.159174
273.000000 34.183053
274.000000 34.206931
275.000000 34.230810
276.000000 34.254689
277.000000 34.278567
278.000000 31.754389
279.000000 33.215971
280.000000 33.215971
281.000000 33.215971
282.000000 33.215971
283.000000 33.215971
284.000000 33.215971
285.000000 33.215971
286.000000 33.215971
287.000000 33.215971
288.000000 33.215971
289.000000 33.215971
290.000000 33.215971
291.000000 33.215971
292.000000 33.215971
293.000000 33.215971
294.000000 33.215971
295.000000 33.215971
296.000000 33.215971
297.000000 33.215971
298.000000 31.031923
299.000000 34.448289
300.000000 33.195504
301.000000 33.195504
302.000000 33.195504
303.000000 33.195504
304.000000 33.195504
305.000000 31.011455
306.000000 32.243773
307.000000 32.223306
308.000000 32.202838
309.000000 32.182371
310.000000 34.345952
311.000000 33.093167
312.000000 33.093167
313.000000 33.093167
314.000000 33.093167
315.000000 33.093167
316.000000 33.093167
317.000000 35.641224
318.000000 34.203520
319.000000 34.227399
320.000000 34.251277
321.000000 34.275156
322.000000 34.299034
323.000000 36.506962
324.000000 35.298523
325.000000 33.158820
326.000000 34.435483
327.000000 34.459362
328.000000 34.483240
329.000000 34.507119
330.000000 34.530998
331.000000 34.554876
332.000000 34.578755
333.000000 32.054576
334.000000 36.064216
335.000000 32.078455
336.000000 33.540038
337.000000 33.540038
338.000000 33.540038
339.000000 31.355989
340.000000 32.588307
341.000000 32.567839
342.000000 32.547372
343.000000 32.526905
344.000000 32.506437
345.000000 30.301921
346.000000 31.513772
347.000000 31.472837
348.000000 31.431902
349.000000 31.390968
350.000000 31.350033
351.000000 31.309098
352.000000 31.268164
353.000000 31.227229
354.000000 33.370343
355.000000 32.097091
356.000000 32.076623
357.000000 32.056156
358.000000 32.035689
359.000000 32.015221
360.000000 34.178803
361.000000 32.926018
362.000000 32.926018
363.000000 32.926018
364.000000 32.926018
365.000000 32.926018
366.000000 32.926018
367.000000 32.926018
368.000000 32.926018
369.000000 32.926018
370.000000 32.926018
371.000000 32.926018
372.000000 32.926018
373.000000 32.926018
374.000000 32.926018
375.000000 32.926018
376.000000 32.926018
377.000000 32.926018
378.000000 32.926018
379.000000 32.926018
380.000000 32.926018
381.000000 32.926018
382.000000 32.926018
383.000000 32.926018
384.000000 32.926018
385.000000 32.926018
386.000000 30.741969
387.000000 31.974287
388.000000 31.953819
389.000000 34.117401
390.000000 32.864616
391.000000 30.680567
392.000000 34.096933
393.000000 32.844148
394.000000 32.844148
395.000000 32.844148
396.000000 32.844148
397.000000 32.844148
398.000000 32.844148
399.000000 32.844148
400.000000 32.844148
401.000000 32.844148
402.000000 32.844148
403.000000 32.844148
404.000000 32.844148
405.000000 32.844148
406.000000 32.844148
407.000000 32.844148
408.000000 35.392205
409.000000 33.954501
410.000000 33.978380
411.000000 34.002258
412.000000 34.026137
413.000000 34.050015
414.000000 34.073894
415.000000 34.097772
416.000000 34.121651
417.000000 34.145529
418.000000 31.621351
419.000000 33.082934
420.000000 33.082934
421.000000 33.082934
422.000000 33.082934
423.000000 30.898885
424.000000 32.131203
425.000000 32.110735
426.000000 32.090268
427.000000 32.069801
428.000000 32.049333
429.000000 29.844817
430.000000 33.240716
431.000000 29.783415
432.000000 30.995266
433.000000 30.954331
434.000000 30.913396
435.000000 30.872462
436.000000 30.831527
437.000000 30.790592
438.000000 30.749658
439.000000 30.708723
440.000000 30.667788
441.000000 30.626854
442.000000 30.585919
443.000000 30.544984
444.000000 30.504050
445.000000 32.647164
446.000000 31.373911
447.000000 31.353444
448.000000 31.332977
449.000000 33.496558
450.000000 100.000000
451.000000 0.000000
452.000000 1.705611
453.000000 3.411222
454.000000 5.116833
455.000000 6.822444
456.000000 8.528056
457.000000 10.233667
458.000000 11.939278
459.000000 13.644889
460.000000 15.350500
461.000000 17.056111
462.000000 21.309779
463.000000 21.577686
464.000000 25.491225
465.000000 25.988397
466.000000 29.922402
467.000000 30.440042
468.000000 34.394515
469.000000 37.480678
470.000000 40.017914
471.000000 42.784416
472.000000 45.571384
473.000000 46.194771
474.000000 50.619000
475.000000 53.241517
476.000000 53.909250
477.000000 58.013817
478.000000 58.702018
479.000000 60.643003
480.000000 62.583989
481.000000 64.524974
482.000000 66.465959
483.000000 68.406945
484.000000 70.347930
485.000000 70.104867
486.000000 73.278170
487.000000 73.014640
488.000000 76.167475
489.000000 75.519469
490.000000 76.673175
491.000000 77.597617
492.000000 75.953534
493.000000 78.274744
494.000000 76.929856
495.000000 76.432810
496.000000 78.648273
497.000000 76.833629
498.000000 76.800230
499.000000 76.153090
500.000000 76.034410
501.000000 73.117942
502.000000 74.146299
503.000000 71.124082
504.000000 69.498635
505.000000 70.356431
506.000000 69.347702
507.000000 66.319376
508.000000 67.027078
509.000000 63.684207
510.000000 64.286161
511.000000 63.021590
512.000000 59.737422
513.000000 60.189283
514.000000 56.590570
515.000000 56.936683
516.000000 55.416270
517.000000 54.424318
518.000000 52.818625
519.000000 51.741391
520.000000 50.050418
521.000000 48.887904
522.000000 47.111650
523.000000 48.047904
524.000000 44.954052
525.000000 43.641444
526.000000 44.263153
527.000000 41.063553
528.000000 41.829246
529.000000 41.112889
530.000000 40.012057
531.000000 39.460152
532.000000 38.678982
533.000000 37.877345
534.000000 39.239289
535.000000 36.800392
536.000000 38.347255
537.000000 38.432535
538.000000 36.333767
539.000000 37.651365
540.000000 37.716179
541.000000 37.780992
542.000000 37.845805
543.000000 37.910618
544.000000 37.975431
545.000000 38.040245
546.000000 40.289107
547.000000 39.121602
548.000000 39.206883
549.000000 41.840220
550.000000 40.487797
551.000000 42.781004
552.000000 41.657846
553.000000 41.787472
554.000000 41.917099
555.000000 44.230774
556.000000 43.128083
557.000000 45.462225
558.000000 44.380001
559.000000 47.098619
560.000000 45.831476
561.000000 48.209965
562.000000 49.356135
563.000000 48.338725
564.000000 48.574099
565.000000 50.993522
566.000000 49.996579
567.000000 50.252420
568.000000 50.508262
569.000000 50.764104
570.000000 53.568002
571.000000 52.386140
572.000000 52.665860
573.000000 55.129629
574.000000 54.177031
575.000000 54.477219
576.000000 54.777406
577.000000 55.077594
578.000000 55.377782
579.000000 55.677969
580.000000 55.978157
581.000000 56.278344
582.000000 56.578532
583.000000 54.694671
584.000000 56.227176
585.000000 56.506896
586.000000 56.786616
587.000000 57.066337
588.000000 57.346057
589.000000 57.625777
590.000000 55.357440
591.000000 57.074865
592.000000 55.146658
593.000000 54.450768
594.000000 55.918460
595.000000 53.949319
596.000000 52.848486
597.000000 54.480630
598.000000 52.467143
599.000000 53.870021
600.000000 51.836066
601.000000 51.034429
602.000000 52.396373
603.000000 49.957476
604.000000 51.504339
605.000000 49.405571
606.000000 50.723169
607.000000 48.603933
608.000000 49.901064
609.000000 49.945410
610.000000 49.989756
611.000000 47.850053
612.000000 49.126717
613.000000 49.150595
614.000000 46.626417
615.000000 48.088000
616.000000 45.903951
617.000000 47.136269
618.000000 44.931753
619.000000 46.143603
620.000000 46.102668
621.000000 43.877685
622.000000 45.069068
623.000000 45.007666
624.000000 44.946264
625.000000 42.336805
626.000000 43.713107
627.000000 46.175883
628.000000 44.652899
629.000000 44.591497
630.000000 44.530095
631.000000 44.468693
632.000000 44.407291
633.000000 44.345889
634.000000 44.284487
635.000000 44.223085
636.000000 44.161683
637.000000 44.100281
638.000000 46.222928
639.000000 44.929208
640.000000 44.888273
641.000000 44.847339
642.000000 46.990453
643.000000 45.717200
644.000000 45.696733
645.000000 45.676266
646.000000 45.655798
647.000000 47.819380
648.000000 46.566595
649.000000 46.566595
650.000000 49.114651
651.000000 47.676947
652.000000 49.884875
653.000000 48.676436
654.000000 48.720781
655.000000 48.765127
656.000000 48.809473
657.000000 48.853819
658.000000 48.898165
659.000000 48.942511
660.000000 51.170905
661.000000 47.798885
662.000000 49.096016
663.000000 49.140362
664.000000 49.184708
665.000000 49.229054
666.000000 49.273399
667.000000 49.317745
668.000000 49.362091
669.000000 49.406437
670.000000 49.450783
671.000000 49.495129
672.000000 49.539475
673.000000 47.399772
674.000000 48.676436
675.000000 46.152257
676.000000 47.613840
677.000000 47.613840
678.000000 47.613840
679.000000 47.613840
680.000000 47.613840
681.000000 47.613840
682.000000 47.613840
683.000000 47.613840
684.000000 47.613840
685.000000 47.613840
686.000000 47.613840
687.000000 50.161897
688.000000 48.724193
689.000000 48.748071
690.000000 50.955998
691.000000 49.747559
692.000000 49.791905
693.000000 49.836251
694.000000 49.880597
695.000000 49.924943
696.000000 47.785240
697.000000 49.061904
698.000000 49.085782
699.000000 46.561604
700.000000 48.023186
701.000000 48.023186
702.000000 48.023186
703.000000 48.023186
704.000000 48.023186
705.000000 48.023186
706.000000 48.023186
707.000000 48.023186
708.000000 48.023186
709.000000 48.023186
710.000000 45.839138
711.000000 47.071455
712.000000 47.050988
713.000000 47.030521
714.000000 47.010053
715.000000 44.805537
716.000000 46.017388
717.000000 45.976453
718.000000 45.935518
719.000000 45.894584
720.000000 45.853649
721.000000 47.996763
722.000000 46.723511
723.000000 46.703043
724.000000 46.682576
725.000000 46.662109
726.000000 46.641641
727.000000 46.621174
728.000000 46.600707
729.000000 46.580239
730.000000 46.559772
731.000000 46.539305
732.000000 46.518837
733.000000 46.498370
734.000000 46.477903
735.000000 46.457435
736.000000 44.252919
737.000000 45.464770
738.000000 45.423835
739.000000 45.382900
740.000000 45.341966
741.000000 47.485080
742.000000 46.211827
743.000000 46.191360
744.000000 46.170893
745.000000 46.150425
746.000000 46.129958
747.000000 46.109491
748.000000 48.273072
749.000000 47.020287
750.000000 47.020287
751.000000 47.020287
752.000000 47.020287
753.000000 47.020287
754.000000 47.020287
755.000000 47.020287
756.000000 49.568344
757.000000 48.130640
758.000000 48.154519
759.000000 48.178397
760.000000 48.202276
761.000000 48.226154
762.000000 48.250033
763.000000 48.273911
764.000000 48.297790
765.000000 48.321668
766.000000 48.345547
767.000000 48.369426
768.000000 50.577353
769.000000 49.368914
770.000000 49.413260
771.000000 49.457605
772.000000 47.317903
773.000000 50.778615
774.000000 49.570176
775.000000 49.614522
776.000000 49.658868
777.000000 49.703213
778.000000 47.563511
779.000000 48.840174
780.000000 48.864053
781.000000 48.887931
782.000000 48.911810
783.000000 46.387632
784.000000 47.849214
785.000000 47.849214
786.000000 47.849214
787.000000 47.849214
788.000000 45.665165
789.000000 46.897483
790.000000 46.877016
791.000000 46.856548
792.000000 46.836081
793.000000 46.815614
794.000000 46.795146
795.000000 46.774679
796.000000 46.754212
797.000000 48.917793
798.000000 45.480959
799.000000 46.713277
800.000000 46.692810
801.000000 46.672342
802.000000 46.651875
803.000000 46.631408
804.000000 46.610940
805.000000 46.590473
806.000000 46.570006
807.000000 46.549538
808.000000 46.529071
809.000000 46.508604
810.000000 46.488136
811.000000 46.467669
812.000000 46.447202
813.000000 46.426734
814.000000 44.222218
815.000000 45.434069
816.000000 47.577183
817.000000 46.303930
818.000000 46.283463
819.000000 46.262996
820.000000 46.242528
821.000000 44.038012
822.000000 45.249863
823.000000 45.208928
824.000000 45.167993
825.000000 45.127059
826.000000 45.086124
827.000000 45.045189
828.000000 45.004255
829.000000 44.963320
830.000000 44.922385
831.000000 44.881451
832.000000 47.024565
833.000000 45.751312
834.000000 43.546796
835.000000 46.942695
836.000000 45.669443
837.000000 45.648976
838.000000 45.628508
839.000000 45.608041
840.000000 45.587574
841.000000 47.751155
842.000000 46.498370
843.000000 46.498370
844.000000 46.498370
845.000000 46.498370
846.000000 46.498370
847.000000 46.498370
848.000000 46.498370
849.000000 46.498370
850.000000 46.498370
851.000000 46.498370
852.000000 49.046427
853.000000 47.608723
854.000000 47.632602
855.000000 47.656480
856.000000 47.680359
857.000000 47.704237
858.000000 49.912164
859.000000 48.703725
860.000000 48.748071
861.000000 48.792417
862.000000 48.836763
863.000000 48.881109
864.000000 48.925455
865.000000 48.969801
866.000000 49.014147
867.000000 49.058492
868.000000 49.102838
869.000000 49.147184
870.000000 49.191530
871.000000 47.051827
872.000000 48.328491
873.000000 48.352369
874.000000 45.828191
875.000000 47.289774
876.000000 47.289774
877.000000 47.289774
878.000000 45.105725
879.000000 46.338043
880.000000 46.317575
881.000000 46.297108
882.000000 46.276641
883.000000 46.256173
884.000000 46.235706
885.000000 44.031190
886.000000 45.243040
887.000000 45.202106
888.000000 45.161171
889.000000 45.120236
890.000000 45.079302
891.000000 45.038367
892.000000 44.997432
893.000000 44.956498
894.000000 44.915563
895.000000 44.874628
896.000000 47.017742
897.000000 45.744490
898.000000 45.724023
899.000000 45.703555
900.000000 0.000000
901.000000 100.000000
902.000000 95.407628
903.000000 94.231623
904.000000 91.802833
905.000000 89.374043
906.000000 86.945253
907.000000 84.516462
908.000000 82.087672
909.000000 79.658882
910.000000 77.230092
911.000000 72.617253
912.000000 68.872723
913.000000 67.861170
914.000000 63.203985
915.000000 59.779118
916.000000 53.785727
917.000000 51.757629
918.000000 48.247481
919.000000 42.168809
920.000000 40.055431
921.000000 36.460003
922.000000 30.296050
923.000000 28.097392
924.000000 24.416683
925.000000 20.715507
926.000000 16.629855
927.000000 13.093131
928.000000 9.327141
929.000000 7.724733
930.000000 4.869540
931.000000 0.000000
932.000000 0.000000
933.000000 0.000000
934.000000 0.000000
935.000000 0.000000
936.000000 0.000000
937.000000 0.000000
938.000000 0.665062
939.000000 0.000000
940.000000 0.000000
941.000000 0.750343
942.000000 0.000000
943.000000 0.815156
944.000000 0.000000
945.000000 0.000000
946.000000 0.000000
947.000000 1.916981
948.000000 0.000000
949.000000 0.000000
950.000000 1.858277
951.000000 0.000000
952.000000 2.172822
953.000000 2.948875
954.000000 1.241685
955.000000 3.585068
956.000000 4.531683
957.000000 2.995053
958.000000 5.508998
959.000000 6.626173
960.000000 7.444153
961.000000 6.712293
962.000000 9.252814
963.000000 10.241356
964.000000 11.864105
965.000000 13.342870
966.000000 12.338391
967.000000 15.384486
968.000000 14.849763
969.000000 15.248163
970.000000 18.444352
971.000000 17.695715
972.000000 20.997652
973.000000 20.718771
974.000000 21.373013
975.000000 22.640995
976.000000 25.564566
977.000000 23.501462
978.000000 25.579050
979.000000 27.017593
980.000000 27.927676
981.000000 26.903443
982.000000 29.700519
983.000000 28.532302
984.000000 31.394191
985.000000 30.290787
986.000000 30.669433
987.000000 31.068546
988.000000 31.852134
989.000000 32.086795
990.000000 30.366673
991.000000 32.083384
992.000000 32.567778
993.000000 30.888590
994.000000 33.010244
995.000000 31.146137
996.000000 32.927662
997.000000 31.292820
998.000000 30.910763
999.000000 30.528706
1000.000000 32.330698
1001.000000 30.716323
1002.000000 30.354734
1003.000000 29.993144
1004.000000 29.631555
1005.000000 29.269965
1006.000000 28.908375
1007.000000 28.546786
1008.000000 26.001148
1009.000000 26.871876
1010.000000 26.489819
1011.000000 26.107762
1012.000000 23.541656
1013.000000 24.391917
1014.000000 23.989393
1015.000000 23.586869
1016.000000 23.184345
1017.000000 22.781820
1018.000000 22.379296
1019.000000 21.976772
1020.000000 21.574248
1021.000000 21.171723
1022.000000 20.769199
1023.000000 20.366675
1024.000000 19.964151
1025.000000 19.561627
1026.000000 19.159102
1027.000000 18.756578
1028.000000 18.354054
1029.000000 17.951530
1030.000000 17.549005
1031.000000 19.330530
1032.000000 17.695688
1033.000000 17.313631
1034.000000 19.115623
1035.000000 17.501248
1036.000000 19.323707
1037.000000 17.729800
1038.000000 17.388678
1039.000000 17.047556
1040.000000 19.254490
1041.000000 17.475664
1042.000000 17.158420
1043.000000 19.025225
1044.000000 17.475664
1045.000000 17.178888
1046.000000 19.066160
1047.000000 17.537066
1048.000000 19.444806
1049.000000 20.484236
1050.000000 18.790690
1051.000000 20.742776
1052.000000 19.278495
1053.000000 21.251048
1054.000000 19.807235
1055.000000 21.800255
1056.000000 22.924965
1057.000000 21.316700
1058.000000 23.354066
1059.000000 21.975066
1060.000000 24.032900
1061.000000 22.674367
1062.000000 24.752668
1063.000000 23.414602
1064.000000 23.329321
1065.000000 25.792098
1066.000000 24.269113
1067.000000 24.207711
1068.000000 26.330358
1069.000000 25.036638
1070.000000 24.995704
1071.000000 27.138818
1072.000000 25.865565
1073.000000 28.029147
1074.000000 26.776362
1075.000000 26.776362
1076.000000 26.776362
1077.000000 26.776362
1078.000000 26.776362
1079.000000 26.776362
1080.000000 26.776362
1081.000000 26.776362
1082.000000 26.776362
1083.000000 26.776362
1084.000000 26.776362
1085.000000 26.776362
1086.000000 26.776362
1087.000000 26.776362
1088.000000 26.776362
1089.000000 26.776362
1090.000000 24.592313
1091.000000 25.824631
1092.000000 25.804163
1093.000000 25.783696
1094.000000 25.763229
1095.000000 25.742761
1096.000000 25.722294
1097.000000 25.701827
1098.000000 23.497311
1099.000000 24.709161
1100.000000 24.668226
1101.000000 24.627292
1102.000000 24.586357
1103.000000 24.545422
1104.000000 24.504488
1105.000000 24.463553
1106.000000 24.422618
1107.000000 24.381684
1108.000000 24.340749
1109.000000 24.299814
1110.000000 24.258880
1111.000000 24.217945
1112.000000 24.177010
1113.000000 24.136076
1114.000000 24.095141
1115.000000 24.054206
1116.000000 24.013272
1117.000000 23.972337
1118.000000 23.931402
1119.000000 23.890468
1120.000000 23.849533
1121.000000 23.808598
1122.000000 23.767664
1123.000000 23.726729
1124.000000 23.685794
1125.000000 23.644860
1126.000000 23.603925
1127.000000 23.562990
1128.000000 23.522056
1129.000000 23.481121
1130.000000 23.440186
1131.000000 23.399252
1132.000000 23.358317
1133.000000 23.317382
1134.000000 23.276448
1135.000000 23.235513
1136.000000 23.194578
1137.000000 23.153644
1138.000000 25.296758
1139.000000 24.023505
1140.000000 24.003038
1141.000000 23.982571
1142.000000 23.962103
1143.000000 23.941636
1144.000000 23.921169
1145.000000 23.900701
1146.000000 23.880234
1147.000000 23.859767
1148.000000 23.839299
1149.000000 26.002881
1150.000000 24.750096
1151.000000 24.750096
1152.000000 24.750096
1153.000000 24.750096
1154.000000 24.750096
1155.000000 27.298152
1156.000000 25.860448
1157.000000 25.884327
1158.000000 25.908205
1159.000000 25.932084
1160.000000 25.955963
1161.000000 25.979841
1162.000000 26.003720
1163.000000 26.027598
1164.000000 26.051477
1165.000000 26.075355
1166.000000 26.099234
1167.000000 26.123112
1168.000000 26.146991
1169.000000 26.170870
1170.000000 26.194748
1171.000000 26.218627
1172.000000 26.242505
1173.000000 26.266384
1174.000000 23.742206
1175.000000 25.203788
1176.000000 25.203788
1177.000000 25.203788
1178.000000 25.203788
1179.000000 25.203788
1180.000000 25.203788
1181.000000 25.203788
1182.000000 25.203788
1183.000000 25.203788
1184.000000 25.203788
1185.000000 25.203788
1186.000000 25.203788
1187.000000 25.203788
1188.000000 25.203788
1189.000000 25.203788
1190.000000 25.203788
1191.000000 25.203788
1192.000000 25.203788
1193.000000 25.203788
1194.000000 25.203788
1195.000000 25.203788
1196.000000 25.203788
1197.000000 25.203788
1198.000000 25.203788
1199.000000 25.203788
1200.000000 25.203788
1201.000000 25.203788
1202.000000 25.203788
1203.000000 25.203788
1204.000000 25.203788
1205.000000 27.751845
1206.000000 26.314141
1207.000000 26.338019
1208.000000 26.361898
1209.000000 23.837720
1210.000000 25.299302
1211.000000 27.847359
1212.000000 26.409655
1213.000000 23.885477
1214.000000 25.347059
1215.000000 25.347059
1216.000000 25.347059
1217.000000 27.895116
1218.000000 26.457412
1219.000000 26.481291
1220.000000 26.505169
1221.000000 23.980991
1222.000000 27.990630
1223.000000 26.552926
1224.000000 24.028748
1225.000000 28.038388
1226.000000 26.600684
1227.000000 26.624562
1228.000000 26.648441
1229.000000 26.672319
1230.000000 26.696198
1231.000000 24.172020
1232.000000 28.181659
1233.000000 26.743955
1234.000000 26.767833
1235.000000 26.791712
1236.000000 26.815591
1237.000000 24.291412
1238.000000 25.752995
1239.000000 25.752995
1240.000000 25.752995
1241.000000 25.752995
1242.000000 25.752995
1243.000000 25.752995
1244.000000 25.752995
1245.000000 25.752995
1246.000000 25.752995
1247.000000 25.752995
1248.000000 25.752995
1249.000000 25.752995
1250.000000 25.752995
1251.000000 23.568946
1252.000000 24.801264
1253.000000 24.780797
1254.000000 24.760329
1255.000000 24.739862
1256.000000 24.719395
1257.000000 24.698927
1258.000000 24.678460
1259.000000 24.657993
1260.000000 24.637525
1261.000000 24.617058
1262.000000 24.596591
1263.000000 24.576123
1264.000000 24.555656
1265.000000 26.719237
1266.000000 25.466452
1267.000000 25.466452
1268.000000 25.466452
1269.000000 25.466452
1270.000000 25.466452
1271.000000 25.466452
1272.000000 25.466452
1273.000000 25.466452
1274.000000 25.466452
1275.000000 25.466452
1276.000000 25.466452
1277.000000 25.466452
1278.000000 25.466452
1279.000000 25.466452
1280.000000 25.466452
1281.000000 25.466452
1282.000000 25.466452
1283.000000 25.466452
1284.000000 25.466452
1285.000000 25.466452
1286.000000 25.466452
1287.000000 28.014509
1288.000000 26.576805
1289.000000 24.052627
1290.000000 25.514209
1291.000000 28.062266
1292.000000 24.076505
1293.000000 25.538088
1294.000000 25.538088
1295.000000 25.538088
1296.000000 25.538088
1297.000000 25.538088
1298.000000 25.538088
1299.000000 25.538088
1300.000000 25.538088
1301.000000 25.538088
1302.000000 25.538088
1303.000000 25.538088
1304.000000 25.538088
1305.000000 25.538088
1306.000000 25.538088
1307.000000 25.538088
1308.000000 25.538088
1309.000000 25.538088
1310.000000 25.538088
1311.000000 25.538088
1312.000000 25.538088
1313.000000 25.538088
1314.000000 25.538088
1315.000000 25.538088
1316.000000 25.538088
1317.000000 25.538088
1318.000000 23.354039
1319.000000 24.586357
1320.000000 24.565890
1321.000000 24.545422
1322.000000 24.524955
1323.000000 26.688536
1324.000000 25.435751
1325.000000 25.435751
1326.000000 25.435751
1327.000000 25.435751
1328.000000 25.435751
1329.000000 25.435751
1330.000000 25.435751
1331.000000 25.435751
1332.000000 25.435751
1333.000000 25.435751
1334.000000 25.435751
1335.000000 25.435751
1336.000000 25.435751
1337.000000 25.435751
1338.000000 25.435751
1339.000000 25.435751
1340.000000 25.435751
1341.000000 25.435751
1342.000000 25.435751
1343.000000 25.435751
1344.000000 25.435751
1345.000000 25.435751
1346.000000 25.435751
1347.000000 25.435751
1348.000000 25.435751
1349.000000 25.435751
1350.000000 25.435751
1351.000000 25.435751
1352.000000 25.435751
1353.000000 25.435751
1354.000000 25.435751
1355.000000 25.435751
1356.000000 23.251703
1357.000000 26.668069
1358.000000 23.231235
1359.000000 24.463553
1360.000000 26.627134
1361.000000 25.374349
1362.000000 25.374349
1363.000000 25.374349
1364.000000 25.374349
1365.000000 25.374349
1366.000000 25.374349
1367.000000 25.374349
1368.000000 25.374349
1369.000000 25.374349
1370.000000 25.374349
1371.000000 25.374349
1372.000000 25.374349
1373.000000 25.374349
1374.000000 25.374349
1375.000000 25.374349
1376.000000 27.922406
1377.000000 26.484702
1378.000000 26.508581
1379.000000 26.532459
1380.000000 26.556338
1381.000000 26.580216
1382.000000 26.604095
1383.000000 26.627973
1384.000000 26.651852
1385.000000 26.675730
1386.000000 0.000000
1387.000000 0.000000
1388.000000 0.000000
1389.000000 0.000000
1390.000000 0.000000
1391.000000 0.000000
1392.000000 0.000000
1393.000000 0.000000
1394.000000 0.000000
1395.000000 0.000000
1396.000000 0.000000
1397.000000 0.000000
1398.000000 0.000000
1399.000000 0.000000
1400.000000 0.000000
1401.000000 0.000000
1402.000000 0.000000
1403.000000 0.000000
1404.000000 0.000000
1405.000000 0.000000
1406.000000 0.000000
1407.000000 0.000000
1408.000000 0.000000
1409.000000 0.000000
1410.000000 0.000000
1411.000000 0.000000
1412.000000 0.000000
1413.000000 0.000000
1414.000000 0.000000
1415.000000 0.000000
1416.000000 0.000000
1417.000000 0.000000
1418.000000 0.000000
1419.000000 0.000000
1420.000000 0.000000
1421.000000 0.000000
1422.000000 0.000000
1423.000000 0.000000
1424.000000 0.000000
1425.000000 0.000000
1426.000000 0.000000
1427.000000 0.000000
1428.000000 0.000000
1429.000000 0.000000
1430.000000 0.000000
1431.000000 0.000000
1432.000000 0.000000
1433.000000 0.000000
1434.000000 0.000000
1435.000000 0.000000
1436.000000 0.000000
1437.000000 0.000000
1438.000000 0.000000
1439.000000 0.000000
1440.000000 0.000000
1441.000000 0.000000
1442.000000 0.000000
1443.000000 0.000000
1444.000000 0.000000
1445.000000 0.000000
1446.000000 0.000000
1447.000000 0.000000
1448.000000 0.000000
1449.000000 0.000000
1450.000000 0.000000
1451.000000 0.000000
1452.000000 0.000000
1453.000000 0.000000
1454.000000 0.000000
1455.000000 0.000000
1456.000000 0.000000
1457.000000 0.000000
1458.000000 0.000000
1459.000000 0.000000
1460.000000 0.000000
1461.000000 0.000000
1462.000000 0.000000
1463.000000 0.000000
1464.000000 0.000000
1465.000000 0.000000
1466.000000 0.000000
1467.000000 0.000000
1468.000000 0.000000
1469.000000 0.000000
1470.000000 0.000000
1471.000000 0.000000
1472.000000 0.000000
1473.000000 0.000000
1474.000000 0.000000
1475.000000 0.000000
1476.000000 0.000000
1477.000000 0.000000
1478.000000 0.000000
1479.000000 0.000000
1480.000000 0.000000
1481.000000 0.000000
1482.000000 0.000000
1483.000000 0.000000
1484.000000 0.000000
1485.000000 0.000000
1486.000000 0.000000
1487.000000 0.000000
1488.000000 0.000000
1489.000000 0.000000
1490.000000 0.000000
1491.000000 0.000000
1492.000000 0.000000
1493.000000 0.000000
1494.000000 0.000000
1495.000000 0.000000
1496.000000 0.000000
1497.000000 0.000000
1498.000000 0.000000
1499.000000 0.000000
1500.000000 0.000000
1501.000000 0.000000
1502.000000 0.000000
1503.000000 0.000000
1504.000000 0.000000
1505.000000 0.000000
1506.000000 0.000000
1507.000000 0.000000
1508.000000 0.000000
1509.000000 0.000000
1510.000000 0.000000
1511.000000 0.000000
1512.000000 0.000000
1513.000000 0.000000
1514.000000 0.000000
1515.000000 0.000000
1516.000000 0.000000
1517.000000 0.000000
1518.000000 0.000000
1519.000000 0.000000
1520.000000 0.000000
1521.000000 0.000000
1522.000000 0.000000
1523.000000 0.000000
1524.000000 0.000000
1525.000000 0.000000
1526.000000 0.000000
1527.000000 0.000000
1528.000000 0.000000
1529.000000 0.000000
1530.000000 0.000000
1531.000000 0.000000
1532.000000 0.000000
1533.000000 0.000000
1534.000000 0.000000
1535.000000 0.000000
1536.000000 0.000000
1537.000000 0.000000
1538.000000 0.000000
1539.000000 0.000000
1540.000000 0.000000
1541.000000 0.000000
1542.000000 0.000000
1543.000000 0.000000
1544.000000 0.000000
1545.000000 0.000000
1546.000000 0.000000
1547.000000 0.000000
1548.000000 0.000000
1549.000000 0.000000
1550.000000 0.000000
1551.000000 0.000000
1552.000000 0.000000
1553.000000 0.000000
1554.000000 0.000000
1555.000000 0.000000
1556.000000 0.000000
1557.000000 0.000000
1558.000000 0.000000
1559.000000 0.000000
1560.000000 0.000000
1561.000000 0.000000
1562.000000 0.000000
1563.000000 0.000000
1564.000000 0.000000
1565.000000 0.000000
1566.000000 0.000000
1567.000000 0.000000
1568.000000 0.000000
1569.000000 0.000000
1570.000000 0.000000
1571.000000 0.000000
1572.000000 0.000000
1573.000000 0.000000
1574.000000 0.000000
1575.000000 0.000000
1576.000000 0.000000
1577.000000 0.000000
1578.000000 0.000000
1579.000000 0.000000
1580.000000 0.000000
1581.000000 0.000000
1582.000000 0.000000
1583.000000 0.000000
1584.000000 0.000000
1585.000000 0.000000
1586.000000 0.000000
1587.000000 0.000000
1588.000000 0.000000
1589.000000 0.000000
1590.000000 0.000000
1591.000000 0.000000
1592.000000 0.000000
1593.000000 0.000000
1594.000000 0.000000
1595.000000 0.000000
1596.000000 0.000000
1597.000000 0.000000
1598.000000 0.000000
1599.000000 0.000000
1600.000000 0.000000
1601.000000 0.000000
1602.000000 0.000000
1603.000000 0.000000
1604.000000 0.000000
1605.000000 0.000000
1606.000000 0.000000
1607.000000 0.000000
1608.000000 0.000000
1609.000000 0.000000
1610.000000 0.000000
1611.000000 0.000000
1612.000000 0.000000
1613.000000 0.000000
1614.000000 0.000000
1615.000000 0.000000
1616.000000 0.000000
1617.000000 0.000000
1618.000000 0.000000
1619.000000 0.000000
1620.000000 0.000000
1621.000000 0.000000
1622.000000 0.000000
1623.000000 0.000000
1624.000000 0.000000
1625.000000 0.000000
1626.000000 0.000000
1627.000000 0.000000
1628.000000 0.000000
1629.000000 0.000000
1630.000000 0.000000
1631.000000 0.000000
1632.000000 0.000000
1633.000000 0.000000
1634.000000 0.000000
1635.000000 0.000000
1636.000000 0.000000
1637.000000 0.000000
1638.000000 0.000000
1639.000000 0.000000
1640.000000 0.000000
1641.000000 0.000000
1642.000000 0.000000
1643.000000 0.000000
1644.000000 0.000000
1645.000000 0.000000
1646.000000 0.000000
1647.000000 0.000000
1648.000000 0.000000
1649.000000 0.000000
1650.000000 0.000000
1651.000000 0.000000
1652.000000 0.000000
1653.000000 0.000000
1654.000000 0.000000
1655.000000 0.000000
1656.000000 0.000000
1657.000000 0.000000
1658.000000 0.000000
1659.000000 0.000000
1660.000000 0.000000
1661.000000 0.000000
1662.000000 0.000000
1663.000000 0.000000
1664.000000 0.000000
1665.000000 0.000000
1666.000000 0.000000
1667.000000 0.000000
1668.000000 0.000000
1669.000000 0.000000
1670.000000 0.000000
1671.000000 0.000000
1672.000000 0.000000
1673.000000 0.000000
1674.000000 0.000000
1675.000000 0.000000
1676.000000 0.000000
1677.000000 0.000000
1678.000000 0.000000
1679.000000 0.000000
1680.000000 0.000000
1681.000000 0.000000
1682.000000 0.000000
1683.000000 0.000000
1684.000000 0.000000
1685.000000 0.000000
1686.000000 0.000000
1687.000000 0.000000
1688.000000 0.000000
1689.000000 0.000000
1690.000000 0.000000
1691.000000 0.000000
1692.000000 0.000000
1693.000000 0.000000
1694.000000 0.000000
1695.000000 0.000000
1696.000000 0.000000
1697.000000 0.000000
1698.000000 0.000000
1699.000000 0.000000
1700.000000 0.000000
1701.000000 0.000000
1702.000000 0.000000
1703.000000 0.000000
1704.000000 0.000000
1705.000000 0.000000
1706.000000 0.000000
1707.000000 0.000000
1708.000000 0.000000
1709.000000 0.000000
1710.000000 0.000000
1711.000000 0.000000
1712.000000 0.000000
1713.000000 0.000000
1714.000000 0.000000
1715.000000 0.000000
1716.000000 0.000000
1717.000000 0.000000
1718.000000 0.000000
1719.000000 0.000000
1720.000000 0.000000
1721.000000 0.000000
1722.000000 0.000000
1723.000000 0.000000
1724.000000 0.000000
1725.000000 0.000000
1726.000000 0.000000
1727.000000 0.000000
1728.000000 0.000000
1729.000000 0.000000
1730.000000 0.000000
1731.000000 0.000000
1732.000000 0.000000
1733.000000 0.000000
1734.000000 0.000000
1735.000000 0.000000
1736.000000 0.000000
1737.000000 0.000000
1738.000000 0.000000
1739.000000 0.000000
1740.000000 0.000000
1741.000000 0.000000
1742.000000 0.000000
1743.000000 0.000000
1744.000000 0.000000
1745.000000 0.000000
1746.000000 0.000000
1747.000000 0.000000
1748.000000 0.000000
1749.000000 0.000000
1750.000000 0.000000
1751.000000 0.000000
1752.000000 0.000000
1753.000000 0.000000
1754.000000 0.000000
1755.000000 0.000000
1756.000000 0.000000
1757.000000 0.000000
1758.000000 0.000000
1759.000000 0.000000
1760.000000 0.000000
1761.000000 0.000000
1762.000000 0.000000
1763.000000 0.000000
1764.000000 0.000000
1765.000000 0.000000
1766.000000 0.000000
1767.000000 0.000000
1768.000000 0.000000
1769.000000 0.000000
1770.000000 0.000000
1771.000000 0.000000
1772.000000 0.000000
1773.000000 0.000000
1774.000000 0.000000
1775.000000 0.000000
1776.000000 0.000000
1777.000000 0.000000
1778.000000 0.000000
1779.000000 0.000000
1780.000000 0.000000
1781.000000 0.000000
1782.000000 0.000000
1783.000000 0.000000
1784.000000 0.000000
1785.000000 0.000000
1786.000000 0.000000
1787.000000 0.000000
1788.000000 0.000000
1789.000000 0.000000
1790.000000 0.000000
1791.000000 0.000000
1792.000000 0.000000
1793.000000 0.000000
1794.000000 0.000000
1795.000000 0.000000
1796.000000 0.000000
1797.000000 0.000000
1798.000000 0.000000
1799.000000 0.000000
1800.000000 0.000000
1801.000000 0.000000
1802.000000 0.000000
1803.000000 0.000000
1804.000000 0.000000
1805.000000 0.000000
1806.000000 0.000000
1807.000000 0.000000
1808.000000 0.000000
1809.000000 0.000000
1810.000000 0.000000
1811.000000 0.000000
1812.000000 0.000000
1813.000000 0.000000
1814.000000 0.000000
1815.000000 0.000000
1816.000000 0.000000
1817.000000 0.000000
1818.000000 0.000000
1819.000000 0.000000
1820.000000 0.000000
1821.000000 0.000000
1822.000000 0.000000
1823.000000 0.000000
1824.000000 0.000000
1825.000000 0.000000
1826.000000 0.000000
1827.000000 0.000000
1828.000000 0.000000
1829.000000 0.000000
1830.000000 0.000000
1831.000000 0.000000
1832.000000 0.000000
1833.000000 0.000000
1834.000000 0.000000
1835.000000 0.000000
1836.000000 0.000000
1837.000000 0.000000
1838.000000 0.000000
1839.000000 0.000000
1840.000000 0.000000
1841.000000 0.000000
1842.000000 0.000000
1843.000000 0.000000
1844.000000 0.000000
1845.000000 0.000000
1846.000000 0.000000
1847.000000 0.000000
1848.000000 0.000000
1849.000000 0.000000
1850.000000 0.000000
1851.000000 0.000000
1852.000000 0.000000
1853.000000 0.000000
1854.000000 0.000000
1855.000000 0.000000
1856.000000 0.000000
1857.000000 0.000000
1858.000000 0.000000
1859.000000 0.000000
1860.000000 0.000000
1861.000000 0.000000
1862.000000 0.000000
1863.000000 0.000000
1864.000000 0.000000
1865.000000 0.000000
1866.000000 0.000000
1867.000000 0.000000
1868.000000 0.000000
1869.000000 0.000000
1870.000000 0.000000
1871.000000 0.000000
1872.000000 0.000000
1873.000000 0.000000
1874.000000 0.000000
1875.000000 0.000000
1876.000000 0.000000
1877.000000 0.000000
1878.000000 0.000000
1879.000000 0.000000
1880.000000 0.000000
1881.000000 0.000000
1882.000000 0.000000
1883.000000 0.000000
1884.000000 0.000000
1885.000000 0.000000
1886.000000 0.000000
1887.000000 0.000000
1888.000000 0.000000
1889.000000 0.000000
1890.000000 0.000000
1891.000000 0.000000
1892.000000 0.000000
1893.000000 0.000000
1894.000000 0.000000
1895.000000 0.000000
1896.000000 0.000000
1897.000000 0.000000
1898.000000 0.000000
1899.000000 0.000000
1900.000000 0.000000
1901.000000 0.000000
1902.000000 0.000000
1903.000000 0.000000
1904.000000 0.000000
1905.000000 0.000000
1906.000000 0.000000
1907.000000 0.000000
1908.000000 0.000000
1909.000000 0.000000
1910.000000 0.000000
1911.000000 0.000000
1912.000000 0.000000
1913.000000 0.000000
1914.000000 0.000000
1915.000000 0.000000
1916.000000 0.000000
1917.000000 0.000000
1918.000000 0.000000
1919.000000 0.000000
1920.000000 0.000000
1921.000000 0.000000
1922.000000 0.000000
1923.000000 0.000000
1924.000000 0.000000
1925.000000 0.000000
1926.000000 0.000000
1927.000000 0.000000
1928.000000 0.000000
1929.000000 0.000000
1930.000000 0.000000
1931.000000 0.000000
1932.000000 0.000000
1933.000000 0.000000
1934.000000 0.000000
1935.000000 0.000000
1936.000000 0.000000
1937.000000 0.000000
1938.000000 0.000000
1939.000000 0.000000
1940.000000 0.000000
1941.000000 0.000000
1942.000000 0.000000
1943.000000 0.000000
1944.000000 0.000000
1945.000000 0.000000
1946.000000 0.000000
1947.000000 0.000000
1948.000000 0.000000
1949.000000 0.000000
1950.000000 0.000000
1951.000000 0.000000
1952.000000 0.000000
1953.000000 0.000000
1954.000000 0.000000
1955.000000 0.000000
1956.000000 0.000000
1957.000000 0.000000
1958.000000 0.000000
1959.000000 0.000000
1960.000000 0.000000
1961.000000 0.000000
1962.000000 0.000000
1963.000000 0.000000
1964.000000 0.000000
1965.000000 0.000000
1966.000000 0.000000
1967.000000 0.000000
1968.000000 0.000000
1969.000000 0.000000
1970.000000 0.000000
1971.000000 0.000000
1972.000000 0.000000
1973.000000 0.000000
1974.000000 0.000000
1975.000000 0.000000
1976.000000 0.000000
1977.000000 0.000000
1978.000000 0.000000
1979.000000 0.000000
1980.000000 0.000000
1981.000000 0.000000
1982.000000 0.000000
1983.000000 0.000000
1984.000000 0.000000
1985.000000 0.000000
1986.000000 0.000000
1987.000000 0.000000
1988.000000 0.000000
1989.000000 0.000000
1990.000000 0.000000
1991.000000 0.000000
1992.000000 0.000000
1993.000000 0.000000
1994.000000 0.000000
1995.000000 0.000000
1996.000000 0.000000
1997.000000 0.000000
1998.000000 0.000000
1999.000000 0.000000
2000.000000 0.000000
2001.000000 0.000000
2002.000000 0.000000
2003.000000 0.000000
2004.000000 0.000000
2005.000000 0.000000
2006.000000 0.000000
2007.000000 0.000000
2008.000000 0.000000
2009.000000 0.000000
2010.000000 0.000000
2011.000000 0.000000
2012.000000 0.000000
2013.000000 0.000000
2014.000000 0.000000
2015.000000 0.000000
2016.000000 0.000000
2017.000000 0.000000
2018.000000 0.000000
2019.000000 0.000000
2020.000000 0.000000
2021.000000 0.000000
2022.000000 0.000000
2023.000000 0.000000
2024.000000 0.000000
2025.000000 0.000000
2026.000000 0.000000
2027.000000 0.000000
2028.000000 0.000000
2029.000000 0.000000
2030.000000 0.000000
2031.000000 0.000000
2032.000000 0.000000
2033.000000 0.000000
2034.000000 0.000000
2035.000000 0.000000
2036.000000 0.000000
2037.000000 0.000000
2038.000000 0.000000
2039.000000 0.000000
2040.000000 0.000000
2041.000000 0.000000
2042.000000 0.000000
2043.000000 0.000000
2044.000000 0.000000
2045.000000 0.000000
2046.000000 0.000000
2047.000000 0.000000
2048.000000 0.000000
2049.000000 0.000000
2050.000000 0.000000
2051.000000 0.000000
2052.000000 0.000000
2053.000000 0.000000
2054.000000 0.000000
2055.000000 0.000000
2056.000000 0.000000
2057.000000 0.000000
2058.000000 0.000000
2059.000000 0.000000
2060.000000 0.000000
2061.000000 0.000000
2062.000000 0.000000
2063.000000 0.000000
2064.000000 0.000000
2065.000000 0.000000
2066.000000 0.000000
2067.000000 0.000000
2068.000000 0.000000
2069.000000 0.000000
2070.000000 0.000000
2071.000000 0.000000
2072.000000 0.000000
2073.000000 0.000000
2074.000000 0.000000
2075.000000 0.000000
2076.000000 0.000000
2077.000000 0.000000
2078.000000 0.000000
2079.000000 0.000000
2080.000000 0.000000
2081.000000 0.000000
2082.000000 0.000000
2083.000000 0.000000
2084.000000 0.000000
2085.000000 0.000000
2086.000000 0.000000
2087.000000 0.000000
2088.000000 0.000000
2089.000000 0.000000
2090.000000 0.000000
2091.000000 0.000000
2092.000000 0.000000
2093.000000 0.000000
2094.000000 0.000000
2095.000000 0.000000
2096.000000 0.000000
2097.000000 0.000000
2098.000000 0.000000
2099.000000 0.000000
2100.000000 0.000000
2101.000000 0.000000
2102.000000 0.000000
2103.000000 0.000000
2104.000000 0.000000
2105.000000 0.000000
2106.000000 0.000000
2107.000000 0.000000
2108.000000 0.000000
2109.000000 0.000000
2110.000000 0.000000
2111.000000 0.000000
2112.000000 0.000000
2113.000000 0.000000
2114.000000 0.000000
2115.000000 0.000000
2116.000000 0.000000
2117.000000 0.000000
2118.000000 0.000000
2119.000000 0.000000
2120.000000 0.000000
2121.000000 0.000000
2122.000000 0.000000
2123.000000 0.000000
2124.000000 0.000000
2125.000000 0.000000
2126.000000 0.000000
2127.000000 0.000000
2128.000000 0.000000
2129.000000 0.000000
2130.000000 0.000000
2131.000000 0.000000
2132.000000 0.000000
2133.000000 0.000000
2134.000000 0.000000
2135.000000 0.000000
2136.000000 0.000000
2137.000000 0.000000
2138.000000 0.000000
2139.000000 0.000000
2140.000000 0.000000
2141.000000 0.000000
2142.000000 0.000000
2143.000000 0.000000
2144.000000 0.000000
2145.000000 0.000000
2146.000000 0.000000
2147.000000 0.000000
2148.000000 0.000000
2149.000000 0.000000
2150.000000 0.000000
2151.000000 0.000000
2152.000000 0.000000
2153.000000 0.000000
2154.000000 0.000000
2155.000000 0.000000
2156.000000 0.000000
2157.000000 0.000000
2158.000000 0.000000
2159.000000 0.000000
2160.000000 0.000000
2161.000000 0.000000
2162.000000 0.000000
2163.000000 0.000000
2164.000000 0.000000
2165.000000 0.000000
2166.000000 0.000000
2167.000000 0.000000
2168.000000 0.000000
2169.000000 0.000000
2170.000000 0.000000
2171.000000 0.000000
2172.000000 0.000000
2173.000000 0.000000
2174.000000 0.000000
2175.000000 0.000000
2176.000000 0.000000
2177.000000 0.000000
2178.000000 0.000000
2179.000000 0.000000
2180.000000 0.000000
2181.000000 0.000000
2182.000000 0.000000
2183.000000 0.000000
2184.000000 0.000000
2185.000000 0.000000
2186.000000 0.000000
2187.000000 0.000000
2188.000000 0.000000
2189.000000 0.000000
2190.000000 0.000000
2191.000000 0.000000
2192.000000 0.000000
2193.000000 0.000000
2194.000000 0.000000
2195.000000 0.000000
2196.000000 0.000000
2197.000000 0.000000
2198.000000 0.000000
2199.000000 0.000000
2200.000000 0.000000
2201.000000 0.000000
2202.000000 0.000000
2203.000000 0.000000
2204.000000 0.000000
2205.000000 0.000000
2206.000000 0.000000
2207.000000 0.000000
2208.000000 0.000000
2209.000000 0.000000
2210.000000 0.000000
2211.000000 0.000000
2212.000000 0.000000
2213.000000 0.000000
2214.000000 0.000000
2215.000000 0.000000
2216.000000 0.000000
2217.000000 0.000000
2218.000000 0.000000
2219.000000 0.000000
2220.000000 0.000000
2221.000000 0.000000
2222.000000 0.000000
2223.000000 0.000000
2224.000000 0.000000
2225.000000 0.000000
2226.000000 0.000000
2227.000000 0.000000
2228.000000 0.000000
2229.000000 0.000000
2230.000000 0.000000
2231.000000 0.000000
2232.000000 0.000000
2233.000000 0.000000
2234.000000 0.000000
2235.000000 0.000000
2236.000000 0.000000
2237.000000 0.000000
2238.000000 0.000000
2239.000000 0.000000
2240.000000 0.000000
2241.000000 0.000000
2242.000000 0.000000
2243.000000 0.000000
2244.000000 0.000000
2245.000000 0.000000
2246.000000 0.000000
2247.000000 0.000000
2248.000000 0.000000
2249.000000 0.000000
2250.000000 0.000000
2251.000000 0.000000
2252.000000 0.000000
2253.000000 0.000000
2254.000000 0.000000
2255.000000 0.000000
2256.000000 0.000000
2257.000000 0.000000
2258.000000 0.000000
2259.000000 0.000000
2260.000000 0.000000
2261.000000 0.000000
2262.000000 0.000000
2263.000000 0.000000
2264.000000 0.000000
2265.000000 0.000000
2266.000000 0.000000
2267.000000 0.000000
2268.000000 0.000000
2269.000000 0.000000
2270.000000 0.000000
2271.000000 0.000000
2272.000000 0.000000
2273.000000 0.000000
2274.000000 0.000000
2275.000000 0.000000
2276.000000 0.000000
2277.000000 0.000000
2278.000000 0.000000
2279.000000 0.000000
2280.000000 0.000000
2281.000000 0.000000
2282.000000 0.000000
2283.000000 0.000000
2284.000000 0.000000
2285.000000 0.000000
2286.000000 0.000000
2287.000000 0.000000
2288.000000 0.000000
2289.000000 0.000000
2290.000000 0.000000
2291.000000 0.000000
2292.000000 0.000000
2293.000000 0.000000
2294.000000 0.000000
2295.000000 0.000000
2296.000000 0.000000
2297.000000 0.000000
2298.000000 0.000000
2299.000000 0.000000
2300.000000 0.000000
2301.000000 0.000000
2302.000000 0.000000
2303.000000 0.000000
2304.000000 0.000000
2305.000000 0.000000
2306.000000 0.000000
2307.000000 0.000000
2308.000000 0.000000
2309.000000 0.000000
2310.000000 0.000000
2311.000000 0.000000
2312.000000 0.000000
2313.000000 0.000000
2314.000000 0.000000
2315.000000 0.000000
2316.000000 0.000000
2317.000000 0.000000
2318.000000 0.000000
2319.000000 0.000000
2320.000000 0.000000
2321.000000 0.000000
2322.000000 0.000000
2323.000000 0.000000
2324.000000 0.000000
2325.000000 0.000000
2326.000000 0.000000
2327.000000 0.000000
2328.000000 0.000000
2329.000000 0.000000
2330.000000 0.000000
2331.000000 0.000000
2332.000000 0.000000
2333.000000 0.000000
2334.000000 0.000000
2335.000000 0.000000
2336.000000 0.000000
2337.000000 0.000000
2338.000000 0.000000
2339.000000 0.000000
2340.000000 0.000000
2341.000000 0.000000
2342.000000 0.000000
2343.000000 0.000000
2344.000000 0.000000
2345.000000 0.000000
2346.000000 0.000000
2347.000000 0.000000
2348.000000 0.000000
2349.000000 0.000000
2350.000000 0.000000
2351.000000 0.000000
2352.000000 0.000000
2353.000000 0.000000
2354.000000 0.000000
2355.000000 0.000000
2356.000000 0.000000
2357.000000 0.000000
2358.000000 0.000000
2359.000000 0.000000
2360.000000 0.000000
2361.000000 0.000000
2362.000000 0.000000
2363.000000 0.000000
2364.000000 0.000000
2365.000000 0.000000
2366.000000 0.000000
2367.000000 0.000000
2368.000000 0.000000
2369.000000 0.000000
2370.000000 0.000000
2371.000000 0.000000
2372.000000 0.000000
2373.000000 0.000000
2374.000000 0.000000
2375.000000 0.000000
2376.000000 0.000000
2377.000000 0.000000
2378.000000 0.000000
2379.000000 0.000000
2380.000000 0.000000
2381.000000 0.000000
2382.000000 0.000000
2383.000000 0.000000
2384.000000 0.000000
2385.000000 0.000000
2386.000000 0.000000
2387.000000 0.000000
2388.000000 0.000000
2389.000000 0.000000
2390.000000 0.000000
2391.000000 0.000000
2392.000000 0.000000
2393.000000 0.000000
2394.000000 0.000000
2395.000000 0.000000
2396.000000 0.000000
2397.000000 0.000000
2398.000000 0.000000
2399.000000 0.000000
2400.000000 0.000000
2401.000000 0.000000
2402.000000 0.000000
2403.000000 0.000000
2404.000000 0.000000
2405.000000 0.000000
2406.000000 0.000000
2407.000000 0.000000
2408.000000 0.000000
2409.000000 0.000000
2410.000000 0.000000
2411.000000 0.000000
2412.000000 0.000000
2413.000000 0.000000
2414.000000 0.000000
2415.000000 0.000000
2416.000000 0.000000
2417.000000 0.000000
2418.000000 0.000000
2419.000000 0.000000
2420.000000 0.000000
2421.000000 0.000000
2422.000000 0.000000
2423.000000 0.000000
2424.000000 0.000000
2425.000000 0.000000
2426.000000 0.000000
2427.000000 0.000000
2428.000000 0.000000
2429.000000 0.000000
2430.000000 0.000000
2431.000000 0.000000
2432.000000 0.000000
2433.000000 0.000000
2434.000000 0.000000
2435.000000 0.000000
2436.000000 0.000000
2437.000000 0.000000
2438.000000 0.000000
2439.000000 0.000000
2440.000000 0.000000
2441.000000 0.000000
2442.000000 0.000000
2443.000000 0.000000
2444.000000 0.000000
2445.000000 0.000000
2446.000000 0.000000
2447.000000 0.000000
2448.000000 0.000000
2449.000000 0.000000
2450.000000 0.000000
2451.000000 0.000000
2452.000000 0.000000
2453.000000 0.000000
2454.000000 0.000000
2455.000000 0.000000
2456.000000 0.000000
2457.000000 0.000000
2458.000000 0.000000
2459.000000 0.000000
2460.000000 0.000000
2461.000000 0.000000
2462.000000 0.000000
2463.000000 0.000000
2464.000000 0.000000
2465.000000 0.000000
2466.000000 0.000000
2467.000000 0.000000
2468.000000 0.000000
2469.000000 0.000000
2470.000000 0.000000
2471.000000 0.000000
2472.000000 0.000000
2473.000000 0.000000
2474.000000 0.000000
2475.000000 0.000000
2476.000000 0.000000
2477.000000 0.000000
2478.000000 0.000000
2479.000000 0.000000
2480.000000 0.000000
2481.000000 0.000000
2482.000000 0.000000
2483.000000 0.000000
2484.000000 0.000000
2485.000000 0.000000
2486.000000 0.000000
2487.000000 0.000000
2488.000000 0.000000
2489.000000 0.000000
2490.000000 0.000000
2491.000000 0.000000
2492.000000 0.000000
2493.000000 0.000000
2494.000000 0.000000
2495.000000 0.000000
2496.000000 0.000000
2497.000000 0.000000
2498.000000 0.000000
2499.000000 0.000000
2500.000000 0.000000
2501.000000 0.000000
2502.000000 0.000000
2503.000000 0.000000
2504.000000 0.000000
2505.000000 0.000000
2506.000000 0.000000
2507.000000 0.000000
2508.000000 0.000000
2509.000000 0.000000
2510.000000 0.000000
2511.000000 0.000000
2512.000000 0.000000
2513.000000 0.000000
2514.000000 0.000000
2515.000000 0.000000
2516.000000 0.000000
2517.000000 0.000000
2518.000000 0.000000
2519.000000 0.000000
2520.000000 0.000000
2521.000000 0.000000
2522.000000 0.000000
2523.000000 0.000000
2524.000000 0.000000
2525.000000 0.000000
2526.000000 0.000000
2527.000000 0.000000
2528.000000 0.000000
2529.000000 0.000000
2530.000000 0.000000
2531.000000 0.000000
2532.000000 0.000000
2533.000000 0.000000
2534.000000 0.000000
2535.000000 0.000000
2536.000000 0.000000
2537.000000 0.000000
2538.000000 0.000000
2539.000000 0.000000
2540.000000 0.000000
2541.000000 0.000000
2542.000000 0.000000
2543.000000 0.000000
2544.000000 0.000000
2545.000000 0.000000
2546.000000 0.000000
2547.000000 0.000000
2548.000000 0.000000
2549.000000 0.000000
2550.000000 0.000000
2551.000000 0.000000
2552.000000 0.000000
2553.000000 0.000000
2554.000000 0.000000
2555.000000 0.000000
2556.000000 0.000000
2557.000000 0.000000
2558.000000 0.000000
2559.000000 0.000000
2560.000000 0.000000
2561.000000 0.000000
2562.000000 0.000000
2563.000000 0.000000
2564.000000 0.000000
2565.000000 0.000000
2566.000000 0.000000
2567.000000 0.000000
2568.000000 0.000000
2569.000000 0.000000
2570.000000 0.000000
2571.000000 0.000000
2572.000000 0.000000
2573.000000 0.000000
2574.000000 0.000000
2575.000000 0.000000
2576.000000 0.000000
2577.000000 0.000000
2578.000000 0.000000
2579.000000 0.000000
2580.000000 0.000000
2581.000000 0.000000
2582.000000 0.000000
2583.000000 0.000000
2584.000000 0.000000
2585.000000 0.000000
2586.000000 0.000000
2587.000000 0.000000
2588.000000 0.000000
2589.000000 0.000000
2590.000000 0.000000
2591.000000 0.000000
2592.000000 0.000000
2593.000000 0.000000
2594.000000 0.000000
2595.000000 0.000000
2596.000000 0.000000
2597.000000 0.000000
2598.000000 0.000000
2599.000000 0.000000
2600.000000 0.000000
2601.000000 0.000000
2602.000000 0.000000
2603.000000 0.000000
2604.000000 0.000000
2605.000000 0.000000
2606.000000 0.000000
2607.000000 0.000000
2608.000000 0.000000
2609.000000 0.000000
2610.000000 0.000000
2611.000000 0.000000
2612.000000 0.000000
2613.000000 0.000000
2614.000000 0.000000
2615.000000 0.000000
2616.000000 0.000000
2617.000000 0.000000
2618.000000 0.000000
2619.000000 0.000000
2620.000000 0.000000
2621.000000 0.000000
2622.000000 0.000000
2623.000000 0.000000
2624.000000 0.000000
2625.000000 0.000000
2626.000000 0.000000
2627.000000 0.000000
2628.000000 0.000000
2629.000000 0.000000
2630.000000 0.000000
2631.000000 0.000000
2632.000000 0.000000
2633.000000 0.000000
2634.000000 0.000000
2635.000000 0.000000
2636.000000 0.000000
2637.000000 0.000000
2638.000000 0.000000
2639.000000 0.000000
2640.000000 0.000000
2641.000000 0.000000
2642.000000 0.000000
2643.000000 0.000000
2644.000000 0.000000
2645.000000 0.000000
2646.000000 0.000000
2647.000000 0.000000
2648.000000 0.000000
2649.000000 0.000000
2650.000000 0.000000
2651.000000 0.000000
2652.000000 0.000000
2653.000000 0.000000
2654.000000 0.000000
2655.000000 0.000000
2656.000000 0.000000
2657.000000 0.000000
2658.000000 0.000000
2659.000000 0.000000
2660.000000 0.000000
2661.000000 0.000000
2662.000000 0.000000
2663.000000 0.000000
2664.000000 0.000000
2665.000000 0.000000
2666.000000 0.000000
2667.000000 0.000000
2668.000000 0.000000
2669.000000 0.000000
2670.000000 0.000000
2671.000000 0.000000
2672.000000 0.000000
2673.000000 0.000000
2674.000000 0.000000
2675.000000 0.000000
2676.000000 0.000000
2677.000000 0.000000
2678.000000 0.000000
2679.000000 0.000000
2680.000000 0.000000
2681.000000 0.000000
2682.000000 0.000000
2683.000000 0.000000
2684.000000 0.000000
2685.000000 0.000000
2686.000000 0.000000
2687.000000 0.000000
2688.000000 0.000000
2689.000000 0.000000
2690.000000 0.000000
2691.000000 0.000000
2692.000000 0.000000
2693.000000 0.000000
2694.000000 0.000000
2695.000000 0.000000
2696.000000 0.000000
2697.000000 0.000000
2698.000000 0.000000
2699.000000 0.000000
2700.000000 0.000000
2701.000000 0.000000
2702.000000 0.000000
2703.000000 0.000000
2704.000000 0.000000
2705.000000 0.000000
2706.000000 0.000000
2707.000000 0.000000
2708.000000 0.000000
2709.000000 0.000000
2710.000000 0.000000
2711.000000 0.000000
2712.000000 0.000000
2713.000000 0.000000
2714.000000 0.000000
2715.000000 0.000000
2716.000000 0.000000
2717.000000 0.000000
2718.000000 0.000000
2719.000000 0.000000
2720.000000 0.000000
2721.000000 0.000000
2722.000000 0.000000
2723.000000 0.000000
2724.000000 0.000000
2725.000000 0.000000
2726.000000 0.000000
2727.000000 0.000000
2728.000000 0.000000
2729.000000 0.000000
2730.000000 0.000000
2731.000000 0.000000
2732.000000 0.000000
2733.000000 0.000000
2734.000000 0.000000
2735.000000 0.000000
2736.000000 0.000000
2737.000000 0.000000
2738.000000 0.000000
2739.000000 0.000000
2740.000000 0.000000
2741.000000 0.000000
2742.000000 0.000000
2743.000000 0.000000
2744.000000 0.000000
2745.000000 0.000000
2746.000000 0.000000
2747.000000 0.000000
2748.000000 0.000000
2749.000000 0.000000
2750.000000 0.000000
2751.000000 0.000000
2752.000000 0.000000
2753.000000 0.000000
2754.000000 0.000000
2755.000000 0.000000
2756.000000 0.000000
2757.000000 0.000000
2758.000000 0.000000
2759.000000 0.000000
2760.000000 0.000000
2761.000000 0.000000
2762.000000 0.000000
2763.000000 0.000000
2764.000000 0.000000
2765.000000 0.000000
2766.000000 0.000000
2767.000000 0.000000
2768.000000 0.000000
2769.000000 0.000000
2770.000000 0.000000
2771.000000 0.000000
2772.000000 0.000000
2773.000000 0.000000
2774.000000 0.000000
2775.000000 0.000000
2776.000000 0.000000
2777.000000 0.000000
2778.000000 0.000000
2779.000000 0.000000
2780.000000 0.000000
2781.000000 0.000000
2782.000000 0.000000
2783.000000 0.000000
2784.000000 0.000000
2785.000000 0.000000
2786.000000 0.000000
2787.000000 0.000000
2788.000000 0.000000
2789.000000 0.000000
2790.000000 0.000000
2791.000000 0.000000
2792.000000 0.000000
2793.000000 0.000000
2794.000000 0.000000
2795.000000 0.000000
2796.000000 0.000000
2797.000000 0.000000
2798.000000 0.000000
2799.000000 0.000000
2800.000000 0.000000
2801.000000 0.000000
2802.000000 0.000000
2803.000000 0.000000
2804.000000 0.000000
2805.000000 0.000000
2806.000000 0.000000
2807.000000 0.000000
2808.000000 0.000000
2809.000000 0.000000
2810.000000 0.000000
2811.000000 0.000000
2812.000000 0.000000
2813.000000 0.000000
2814.000000 0.000000
2815.000000 0.000000
2816.000000 0.000000
2817.000000 0.000000
2818.000000 0.000000
2819.000000 0.000000
2820.000000 0.000000
2821.000000 0.000000
2822.000000 0.000000
2823.000000 0.000000
2824.000000 0.000000
2825.000000 0.000000
2826.000000 0.000000
2827.000000 0.000000
2828.000000 0.000000
2829.000000 0.000000
2830.000000 0.000000
2831.000000 0.000000
2832.000000 0.000000
2833.000000 0.000000
2834.000000 0.000000
2835.000000 0.000000
2836.000000 0.000000
2837.000000 0.000000
2838.000000 0.000000
2839.000000 0.000000
2840.000000 0.000000
2841.000000 0.000000
2842.000000 0.000000
2843.000000 0.000000
2844.000000 0.000000
2845.000000 0.000000
2846.000000 0.000000
2847.000000 0.000000
2848.000000 0.000000
2849.000000 0.000000
2850.000000 0.000000
2851.000000 0.000000
2852.000000 0.000000
2853.000000 0.000000
2854.000000 0.000000
2855.000000 0.000000
2856.000000 0.000000
2857.000000 0.000000
2858.000000 0.000000
2859.000000 0.000000
2860.000000 0.000000
2861.000000 0.000000
2862.000000 0.000000
2863.000000 0.000000
2864.000000 0.000000
2865.000000 0.000000
2866.000000 0.000000
2867.000000 0.000000
2868.000000 0.000000
2869.000000 0.000000
2870.000000 0.000000
2871.000000 0.000000
2872.000000 0.000000
2873.000000 0.000000
2874.000000 0.000000
2875.000000 0.000000
2876.000000 0.000000
2877.000000 0.000000
2878.000000 0.000000
2879.000000 0.000000
2880.000000 0.000000
2881.000000 0.000000
2882.000000 0.000000
2883.000000 0.000000
2884.000000 0.000000
2885.000000 0.000000
2886.000000 0.000000
2887.000000 0.000000
2888.000000 0.000000
2889.000000 0.000000
2890.000000 0.000000
2891.000000 0.000000
2892.000000 0.000000
2893.000000 0.000000
2894.000000 0.000000
2895.000000 0.000000
2896.000000 0.000000
2897.000000 0.000000
2898.000000 0.000000
2899.000000 0.000000
2900.000000 0.000000
2901.000000 0.000000
2902.000000 0.000000
2903.000000 0.000000
2904.000000 0.000000
2905.000000 0.000000
2906.000000 0.000000
2907.000000 0.000000
2908.000000 0.000000
2909.000000 0.000000
2910.000000 0.000000
2911.000000 0.000000
2912.000000 0.000000
2913.000000 0.000000
2914.000000 0.000000
2915.000000 0.000000
2916.000000 0.000000
2917.000000 0.000000
2918.000000 0.000000
2919.000000 0.000000
2920.000000 0.000000
2921.000000 0.000000
2922.000000 0.000000
2923.000000 0.000000
2924.000000 0.000000
2925.000000 0.000000
2926.000000 0.000000
2927.000000 0.000000
2928.000000 0.000000
2929.000000 0.000000
2930.000000 0.000000
2931.000000 0.000000
2932.000000 0.000000
2933.000000 0.000000
2934.000000 0.000000
2935.000000 0.000000
2936.000000 0.000000
2937.000000 0.000000
2938.000000 0.000000
2939.000000 0.000000
2940.000000 0.000000
2941.000000 0.000000
2942.000000 0.000000
2943.000000 0.000000
2944.000000 0.000000
2945.000000 0.000000
2946.000000 0.000000
2947.000000 0.000000
2948.000000 0.000000
2949.000000 0.000000
2950.000000 0.000000
2951.000000 0.000000
2952.000000 0.000000
2953.000000 0.000000
2954.000000 0.000000
2955.000000 0.000000
2956.000000 0.000000
2957.000000 0.000000
2958.000000 0.000000
2959.000000 0.000000
2960.000000 0.000000
2961.000000 0.000000
2962.000000 0.000000
2963.000000 0.000000
2964.000000 0.000000
2965.000000 0.000000
2966.000000 0.000000
2967.000000 0.000000
2968.000000 0.000000
2969.000000 0.000000
2970.000000 0.000000
2971.000000 0.000000
2972.000000 0.000000
2973.000000 0.000000
2974.000000 0.000000
2975.000000 0.000000
2976.000000 0.000000
2977.000000 0.000000
2978.000000 0.000000
2979.000000 0.000000
2980.000000 0.000000
2981.000000 0.000000
2982.000000 0.000000
2983.000000 0.000000
2984.000000 0.000000
2985.000000 0.000000
2986.000000 0.000000
2987.000000 0.000000
2988.000000 0.000000
2989.000000 0.000000
2990.000000 0.000000
2991.000000 0.000000
2992.000000 0.000000
2993.000000 0.000000
2994.000000 0.000000
2995.000000 0.000000
2996.000000 0.000000
2997.000000 0.000000
2998.000000 0.000000
2999.000000 0.000000
