0.000000 32.680000
1.000000 32.680000
2.000000 32.620000
3.000000 32.620000
4.000000 32.560000
5.000000 32.560000
6.000000 32.560000
7.000000 32.560000
8.000000 32.560000
9.000000 32.560000
10.000000 32.560000
11.000000 32.560000
12.000000 32.560000
13.000000 32.560000
14.000000 32.620000
15.000000 32.680000
16.000000 32.750000
17.000000 32.750000
18.000000 32.810000
19.000000 32.870000
20.000000 32.930000
21.000000 33.060000
22.000000 33.120000
23.000000 33.250000
24.000000 33.310000
25.000000 33.370000
26.000000 33.500000
27.000000 33.620000
28.000000 33.680000
29.000000 33.810000
30.000000 33.930000
31.000000 34.000000
32.000000 34.120000
33.000000 34.250000
34.000000 34.370000
35.000000 34.430000
36.000000 34.560000
37.000000 34.680000
38.000000 34.750000
39.000000 34.870000
40.000000 35.000000
41.000000 35.060000
42.000000 35.120000
43.000000 35.250000
44.000000 35.310000
45.000000 35.370000
46.000000 35.430000
47.000000 35.500000
48.000000 35.560000
49.000000 35.620000
50.000000 35.680000
51.000000 35.680000
52.000000 35.750000
53.000000 35.750000
54.000000 35.810000
55.000000 35.810000
56.000000 35.810000
57.000000 35.810000
58.000000 35.810000
59.000000 35.810000
60.000000 35.750000
61.000000 35.750000
62.000000 35.750000
63.000000 35.680000
64.000000 35.680000
65.000000 35.620000
66.000000 35.620000
67.000000 35.560000
68.000000 35.500000
69.000000 35.430000
70.000000 35.430000
71.000000 35.370000
72.000000 35.370000
73.000000 35.310000
74.000000 35.250000
75.000000 35.180000
76.000000 35.120000
77.000000 35.060000
78.000000 35.000000
79.000000 34.930000
80.000000 34.930000
81.000000 34.870000
82.000000 34.810000
83.000000 34.750000
84.000000 34.750000
85.000000 34.680000
86.000000 34.680000
87.000000 34.620000
88.000000 34.560000
89.000000 34.560000
90.000000 34.560000
91.000000 34.500000
92.000000 34.500000
93.000000 34.500000
94.000000 34.500000
95.000000 34.430000
96.000000 34.430000
97.000000 34.430000
98.000000 34.430000
99.000000 34.430000
100.000000 34.430000
101.000000 34.430000
102.000000 34.500000
103.000000 34.500000
104.000000 34.500000
105.000000 34.500000
106.000000 34.500000
107.000000 34.500000
108.000000 34.560000
109.000000 34.560000
110.000000 34.620000
111.000000 34.620000
112.000000 34.680000
113.000000 34.680000
114.000000 34.750000
115.000000 34.750000
116.000000 34.750000
117.000000 34.810000
118.000000 34.810000
119.000000 34.870000
120.000000 34.870000
121.000000 34.870000
122.000000 34.930000
123.000000 34.930000
124.000000 34.930000
125.000000 35.000000
126.000000 35.000000
127.000000 35.060000
128.000000 35.060000
129.000000 35.060000
130.000000 35.120000
131.000000 35.120000
132.000000 35.120000
133.000000 35.180000
134.000000 35.180000
135.000000 35.180000
136.000000 35.180000
137.000000 35.180000
138.000000 35.250000
139.000000 35.250000
140.000000 35.250000
141.000000 35.180000
142.000000 35.180000
143.000000 35.180000
144.000000 35.180000
145.000000 35.180000
146.000000 35.180000
147.000000 35.180000
148.000000 35.180000
149.000000 35.180000
150.000000 35.180000
151.000000 35.180000
152.000000 35.180000
153.000000 35.120000
154.000000 35.120000
155.000000 35.120000
156.000000 35.120000
157.000000 35.060000
158.000000 35.060000
159.000000 35.060000
160.000000 35.060000
161.000000 35.060000
162.000000 35.060000
163.000000 35.060000
164.000000 35.060000
165.000000 35.060000
166.000000 35.000000
167.000000 35.000000
168.000000 35.000000
169.000000 35.000000
170.000000 35.000000
171.000000 35.000000
172.000000 35.000000
173.000000 35.000000
174.000000 34.930000
175.000000 34.930000
176.000000 34.930000
177.000000 34.930000
178.000000 34.930000
179.000000 34.930000
180.000000 34.930000
181.000000 34.930000
182.000000 34.930000
183.000000 34.930000
184.000000 34.930000
185.000000 34.930000
186.000000 34.930000
187.000000 34.930000
188.000000 34.870000
189.000000 34.930000
190.000000 34.870000
191.000000 34.870000
192.000000 34.870000
193.000000 34.870000
194.000000 34.870000
195.000000 34.870000
196.000000 34.870000
197.000000 34.870000
198.000000 34.870000
199.000000 34.870000
200.000000 34.930000
201.000000 34.930000
202.000000 34.930000
203.000000 34.930000
204.000000 35.000000
205.000000 35.000000
206.000000 35.000000
207.000000 35.000000
208.000000 35.000000
209.000000 35.000000
210.000000 35.060000
211.000000 35.060000
212.000000 35.060000
213.000000 35.060000
214.000000 35.060000
215.000000 35.060000
216.000000 35.060000
217.000000 35.120000
218.000000 35.120000
219.000000 35.120000
220.000000 35.120000
221.000000 35.120000
222.000000 35.120000
223.000000 35.120000
224.000000 35.120000
225.000000 35.120000
226.000000 35.120000
227.000000 35.120000
228.000000 35.120000
229.000000 35.120000
230.000000 35.120000
231.000000 35.120000
232.000000 35.120000
233.000000 35.060000
234.000000 35.060000
235.000000 35.000000
236.000000 35.000000
237.000000 35.000000
238.000000 35.000000
239.000000 35.000000
240.000000 35.000000
241.000000 35.000000
242.000000 35.000000
243.000000 35.000000
244.000000 35.000000
245.000000 35.000000
246.000000 35.000000
247.000000 35.000000
248.000000 35.000000
249.000000 35.000000
250.000000 35.000000
251.000000 35.000000
252.000000 35.000000
253.000000 35.000000
254.000000 35.000000
255.000000 35.000000
256.000000 35.000000
257.000000 35.000000
258.000000 35.000000
259.000000 34.930000
260.000000 35.000000
261.000000 34.930000
262.000000 34.930000
263.000000 34.930000
264.000000 34.930000
265.000000 34.930000
266.000000 34.930000
267.000000 34.930000
268.000000 34.930000
269.000000 34.930000
270.000000 34.930000
271.000000 34.930000
272.000000 34.930000
273.000000 34.930000
274.000000 34.930000
275.000000 34.930000
276.000000 34.930000
277.000000 34.930000
278.000000 35.000000
279.000000 35.000000
280.000000 35.000000
281.000000 35.000000
282.000000 35.000000
283.000000 35.000000
284.000000 35.000000
285.000000 35.000000
286.000000 35.000000
287.000000 35.000000
288.000000 35.000000
289.000000 35.000000
290.000000 35.000000
291.000000 35.000000
292.000000 35.000000
293.000000 35.000000
294.000000 35.000000
295.000000 35.000000
296.000000 35.000000
297.000000 35.000000
298.000000 35.060000
299.000000 35.000000
300.000000 35.000000
301.000000 35.000000
302.000000 35.000000
303.000000 35.000000
304.000000 35.000000
305.000000 35.060000
306.000000 35.060000
307.000000 35.060000
308.000000 35.060000
309.000000 35.060000
310.000000 35.000000
311.000000 35.000000
312.000000 35.000000
313.000000 35.000000
314.000000 35.000000
315.000000 35.000000
316.000000 35.000000
317.000000 34.930000
318.000000 34.930000
319.000000 34.930000
320.000000 34.930000
321.000000 34.930000
322.000000 34.930000
323.000000 34.870000
324.000000 34.870000
325.000000 34.930000
326.000000 34.930000
327.000000 34.930000
328.000000 34.930000
329.000000 34.930000
330.000000 34.930000
331.000000 34.930000
332.000000 34.930000
333.000000 35.000000
334.000000 34.930000
335.000000 35.000000
336.000000 35.000000
337.000000 35.000000
338.000000 35.000000
339.000000 35.060000
340.000000 35.060000
341.000000 35.060000
342.000000 35.060000
343.000000 35.060000
344.000000 35.060000
345.000000 35.120000
346.000000 35.120000
347.000000 35.120000
348.000000 35.120000
349.000000 35.120000
350.000000 35.120000
351.000000 35.120000
352.000000 35.120000
353.000000 35.120000
354.000000 35.060000
355.000000 35.060000
356.000000 35.060000
357.000000 35.060000
358.000000 35.060000
359.000000 35.060000
360.000000 35.000000
361.000000 35.000000
362.000000 35.000000
363.000000 35.000000
364.000000 35.000000
365.000000 35.000000
366.000000 35.000000
367.000000 35.000000
368.000000 35.000000
369.000000 35.000000
370.000000 35.000000
371.000000 35.000000
372.000000 35.000000
373.000000 35.000000
374.000000 35.000000
375.000000 35.000000
376.000000 35.000000
377.000000 35.000000
378.000000 35.000000
379.000000 35.000000
380.000000 35.000000
381.000000 35.000000
382.000000 35.000000
383.000000 35.000000
384.000000 35.000000
385.000000 35.000000
386.000000 35.060000
387.000000 35.060000
388.000000 35.060000
389.000000 35.000000
390.000000 35.000000
391.000000 35.060000
392.000000 35.000000
393.000000 35.000000
394.000000 35.000000
395.000000 35.000000
396.000000 35.000000
397.000000 35.000000
398.000000 35.000000
399.000000 35.000000
400.000000 35.000000
401.000000 35.000000
402.000000 35.000000
403.000000 35.000000
404.000000 35.000000
405.000000 35.000000
406.000000 35.000000
407.000000 35.000000
408.000000 34.930000
409.000000 34.930000
410.000000 34.930000
411.000000 34.930000
412.000000 34.930000
413.000000 34.930000
414.000000 34.930000
415.000000 34.930000
416.000000 34.930000
417.000000 34.930000
418.000000 35.000000
419.000000 35.000000
420.000000 35.000000
421.000000 35.000000
422.000000 35.000000
423.000000 35.060000
424.000000 35.060000
425.000000 35.060000
426.000000 35.060000
427.000000 35.060000
428.000000 35.060000
429.000000 35.120000
430.000000 35.060000
431.000000 35.120000
432.000000 35.120000
433.000000 35.120000
434.000000 35.120000
435.000000 35.120000
436.000000 35.120000
437.000000 35.120000
438.000000 35.120000
439.000000 35.120000
440.000000 35.120000
441.000000 35.120000
442.000000 35.120000
443.000000 35.120000
444.000000 35.120000
445.000000 35.060000
446.000000 35.060000
447.000000 35.060000
448.000000 35.060000
449.000000 35.000000
450.000000 35.000000
451.000000 35.000000
452.000000 35.000000
453.000000 35.000000
454.000000 35.000000
455.000000 35.000000
456.000000 35.000000
457.000000 35.000000
458.000000 35.000000
459.000000 35.000000
460.000000 35.000000
461.000000 35.000000
462.000000 34.930000
463.000000 34.930000
464.000000 34.870000
465.000000 34.870000
466.000000 34.810000
467.000000 34.810000
468.000000 34.750000
469.000000 34.680000
470.000000 34.620000
471.000000 34.560000
472.000000 34.500000
473.000000 34.500000
474.000000 34.430000
475.000000 34.370000
476.000000 34.370000
477.000000 34.310000
478.000000 34.310000
479.000000 34.310000
480.000000 34.310000
481.000000 34.310000
482.000000 34.310000
483.000000 34.310000
484.000000 34.310000
485.000000 34.370000
486.000000 34.370000
487.000000 34.430000
488.000000 34.430000
489.000000 34.500000
490.000000 34.560000
491.000000 34.620000
492.000000 34.750000
493.000000 34.810000
494.000000 34.930000
495.000000 35.060000
496.000000 35.120000
497.000000 35.250000
498.000000 35.370000
499.000000 35.500000
500.000000 35.620000
501.000000 35.810000
502.000000 35.930000
503.000000 36.120000
504.000000 36.310000
505.000000 36.430000
506.000000 36.560000
507.000000 36.750000
508.000000 36.870000
509.000000 37.060000
510.000000 37.180000
511.000000 37.310000
512.000000 37.500000
513.000000 37.620000
514.000000 37.810000
515.000000 37.930000
516.000000 38.060000
517.000000 38.180000
518.000000 38.310000
519.000000 38.430000
520.000000 38.560000
521.000000 38.680000
522.000000 38.810000
523.000000 38.870000
524.000000 39.000000
525.000000 39.120000
526.000000 39.180000
527.000000 39.310000
528.000000 39.370000
529.000000 39.430000
530.000000 39.500000
531.000000 39.560000
532.000000 39.620000
533.000000 39.680000
534.000000 39.680000
535.000000 39.750000
536.000000 39.750000
537.000000 39.750000
538.000000 39.810000
539.000000 39.810000
540.000000 39.810000
541.000000 39.810000
542.000000 39.810000
543.000000 39.810000
544.000000 39.810000
545.000000 39.810000
546.000000 39.750000
547.000000 39.750000
548.000000 39.750000
549.000000 39.680000
550.000000 39.680000
551.000000 39.620000
552.000000 39.620000
553.000000 39.620000
554.000000 39.620000
555.000000 39.560000
556.000000 39.560000
557.000000 39.500000
558.000000 39.500000
559.000000 39.430000
560.000000 39.430000
561.000000 39.370000
562.000000 39.310000
563.000000 39.310000
564.000000 39.310000
565.000000 39.250000
566.000000 39.250000
567.000000 39.250000
568.000000 39.250000
569.000000 39.250000
570.000000 39.180000
571.000000 39.180000
572.000000 39.180000
573.000000 39.120000
574.000000 39.120000
575.000000 39.120000
576.000000 39.120000
577.000000 39.120000
578.000000 39.120000
579.000000 39.120000
580.000000 39.120000
581.000000 39.120000
582.000000 39.120000
583.000000 39.180000
584.000000 39.180000
585.000000 39.180000
586.000000 39.180000
587.000000 39.180000
588.000000 39.180000
589.000000 39.180000
590.000000 39.250000
591.000000 39.250000
592.000000 39.310000
593.000000 39.370000
594.000000 39.370000
595.000000 39.430000
596.000000 39.500000
597.000000 39.500000
598.000000 39.560000
599.000000 39.560000
600.000000 39.620000
601.000000 39.680000
602.000000 39.680000
603.000000 39.750000
604.000000 39.750000
605.000000 39.810000
606.000000 39.810000
607.000000 39.870000
608.000000 39.870000
609.000000 39.870000
610.000000 39.870000
611.000000 39.930000
612.000000 39.930000
613.000000 39.930000
614.000000 40.000000
615.000000 40.000000
616.000000 40.060000
617.000000 40.060000
618.000000 40.120000
619.000000 40.120000
620.000000 40.120000
621.000000 40.180000
622.000000 40.180000
623.000000 40.180000
624.000000 40.180000
625.000000 40.250000
626.000000 40.250000
627.000000 40.180000
628.000000 40.180000
629.000000 40.180000
630.000000 40.180000
631.000000 40.180000
632.000000 40.180000
633.000000 40.180000
634.000000 40.180000
635.000000 40.180000
636.000000 40.180000
637.000000 40.180000
638.000000 40.120000
639.000000 40.120000
640.000000 40.120000
641.000000 40.120000
642.000000 40.060000
643.000000 40.060000
644.000000 40.060000
645.000000 40.060000
646.000000 40.060000
647.000000 40.000000
648.000000 40.000000
649.000000 40.000000
650.000000 39.930000
651.000000 39.930000
652.000000 39.870000
653.000000 39.870000
654.000000 39.870000
655.000000 39.870000
656.000000 39.870000
657.000000 39.870000
658.000000 39.870000
659.000000 39.870000
660.000000 39.810000
661.000000 39.870000
662.000000 39.870000
663.000000 39.870000
664.000000 39.870000
665.000000 39.870000
666.000000 39.870000
667.000000 39.870000
668.000000 39.870000
669.000000 39.870000
670.000000 39.870000
671.000000 39.870000
672.000000 39.870000
673.000000 39.930000
674.000000 39.930000
675.000000 40.000000
676.000000 40.000000
677.000000 40.000000
678.000000 40.000000
679.000000 40.000000
680.000000 40.000000
681.000000 40.000000
682.000000 40.000000
683.000000 40.000000
684.000000 40.000000
685.000000 40.000000
686.000000 40.000000
687.000000 39.930000
688.000000 39.930000
689.000000 39.930000
690.000000 39.870000
691.000000 39.870000
692.000000 39.870000
693.000000 39.870000
694.000000 39.870000
695.000000 39.870000
696.000000 39.930000
697.000000 39.930000
698.000000 39.930000
699.000000 40.000000
700.000000 40.000000
701.000000 40.000000
702.000000 40.000000
703.000000 40.000000
704.000000 40.000000
705.000000 40.000000
706.000000 40.000000
707.000000 40.000000
708.000000 40.000000
709.000000 40.000000
710.000000 40.060000
711.000000 40.060000
712.000000 40.060000
713.000000 40.060000
714.000000 40.060000
715.000000 40.120000
716.000000 40.120000
717.000000 40.120000
718.000000 40.120000
719.000000 40.120000
720.000000 40.120000
721.000000 40.060000
722.000000 40.060000
723.000000 40.060000
724.000000 40.060000
725.000000 40.060000
726.000000 40.060000
727.000000 40.060000
728.000000 40.060000
729.000000 40.060000
730.000000 40.060000
731.000000 40.060000
732.000000 40.060000
733.000000 40.060000
734.000000 40.060000
735.000000 40.060000
736.000000 40.120000
737.000000 40.120000
738.000000 40.120000
739.000000 40.120000
740.000000 40.120000
741.000000 40.060000
742.000000 40.060000
743.000000 40.060000
744.000000 40.060000
745.000000 40.060000
746.000000 40.060000
747.000000 40.060000
748.000000 40.000000
749.000000 40.000000
750.000000 40.000000
751.000000 40.000000
752.000000 40.000000
753.000000 40.000000
754.000000 40.000000
755.000000 40.000000
756.000000 39.930000
757.000000 39.930000
758.000000 39.930000
759.000000 39.930000
760.000000 39.930000
761.000000 39.930000
762.000000 39.930000
763.000000 39.930000
764.000000 39.930000
765.000000 39.930000
766.000000 39.930000
767.000000 39.930000
768.000000 39.870000
769.000000 39.870000
770.000000 39.870000
771.000000 39.870000
772.000000 39.930000
773.000000 39.870000
774.000000 39.870000
775.000000 39.870000
776.000000 39.870000
777.000000 39.870000
778.000000 39.930000
779.000000 39.930000
780.000000 39.930000
781.000000 39.930000
782.000000 39.930000
783.000000 40.000000
784.000000 40.000000
785.000000 40.000000
786.000000 40.000000
787.000000 40.000000
788.000000 40.060000
789.000000 40.060000
790.000000 40.060000
791.000000 40.060000
792.000000 40.060000
793.000000 40.060000
794.000000 40.060000
795.000000 40.060000
796.000000 40.060000
797.000000 40.000000
798.000000 40.060000
799.000000 40.060000
800.000000 40.060000
801.000000 40.060000
802.000000 40.060000
803.000000 40.060000
804.000000 40.060000
805.000000 40.060000
806.000000 40.060000
807.000000 40.060000
808.000000 40.060000
809.000000 40.060000
810.000000 40.060000
811.000000 40.060000
812.000000 40.060000
813.000000 40.060000
814.000000 40.120000
815.000000 40.120000
816.000000 40.060000
817.000000 40.060000
818.000000 40.060000
819.000000 40.060000
820.000000 40.060000
821.000000 40.120000
822.000000 40.120000
823.000000 40.120000
824.000000 40.120000
825.000000 40.120000
826.000000 40.120000
827.000000 40.120000
828.000000 40.120000
829.000000 40.120000
830.000000 40.120000
831.000000 40.120000
832.000000 40.060000
833.000000 40.060000
834.000000 40.120000
835.000000 40.060000
836.000000 40.060000
837.000000 40.060000
838.000000 40.060000
839.000000 40.060000
840.000000 40.060000
841.000000 40.000000
842.000000 40.000000
843.000000 40.000000
844.000000 40.000000
845.000000 40.000000
846.000000 40.000000
847.000000 40.000000
848.000000 40.000000
849.000000 40.000000
850.000000 40.000000
851.000000 40.000000
852.000000 39.930000
853.000000 39.930000
854.000000 39.930000
855.000000 39.930000
856.000000 39.930000
857.000000 39.930000
858.000000 39.870000
859.000000 39.870000
860.000000 39.870000
861.000000 39.870000
862.000000 39.870000
863.000000 39.870000
864.000000 39.870000
865.000000 39.870000
866.000000 39.870000
867.000000 39.870000
868.000000 39.870000
869.000000 39.870000
870.000000 39.870000
871.000000 39.930000
872.000000 39.930000
873.000000 39.930000
874.000000 40.000000
875.000000 40.000000
876.000000 40.000000
877.000000 40.000000
878.000000 40.060000
879.000000 40.060000
880.000000 40.060000
881.000000 40.060000
882.000000 40.060000
883.000000 40.060000
884.000000 40.060000
885.000000 40.120000
886.000000 40.120000
887.000000 40.120000
888.000000 40.120000
889.000000 40.120000
890.000000 40.120000
891.000000 40.120000
892.000000 40.120000
893.000000 40.120000
894.000000 40.120000
895.000000 40.120000
896.000000 40.060000
897.000000 40.060000
898.000000 40.060000
899.000000 40.060000