0.000000 25.000000
1.000000 25.000000
2.000000 100.000000
3.000000 51.118066
4.000000 54.113985
5.000000 53.693538
6.000000 54.525877
7.000000 55.358215
8.000000 56.190553
9.000000 57.022891
10.000000 57.855230
11.000000 58.687568
12.000000 59.519906
13.000000 60.352244
14.000000 59.000534
15.000000 58.881141
16.000000 58.377273
17.000000 60.606380
18.000000 59.189857
19.000000 59.005651
20.000000 58.800977
21.000000 56.027780
22.000000 57.219876
23.000000 54.381865
24.000000 55.509148
25.000000 55.154381
26.000000 52.231089
27.000000 51.089043
28.000000 51.881313
29.000000 48.852274
30.000000 47.604479
31.000000 47.926993
32.000000 45.361601
33.000000 43.435253
34.000000 42.037365
35.000000 42.573793
36.000000 39.288912
37.000000 37.785276
38.000000 37.851949
39.000000 35.030714
40.000000 32.848525
41.000000 33.378844
42.000000 32.427113
43.000000 28.906858
44.000000 29.351896
45.000000 28.314884
46.000000 27.257405
47.000000 25.815451
48.000000 24.922424
49.000000 23.800132
50.000000 22.657372
51.000000 23.678194
52.000000 20.898174
53.000000 22.103915
54.000000 19.664025
55.000000 20.640501
56.000000 20.364192
57.000000 20.087883
58.000000 19.811574
59.000000 19.535265
60.000000 21.443004
61.000000 19.934378
62.000000 19.678536
63.000000 21.970751
64.000000 20.277206
65.000000 22.229291
66.000000 20.765010
67.000000 22.737563
68.000000 23.477798
69.000000 24.602509
70.000000 22.994244
71.000000 25.031610
72.000000 23.652610
73.000000 25.710443
74.000000 26.535959
75.000000 27.745950
76.000000 28.407015
77.000000 29.297344
78.000000 30.208140
79.000000 31.503412
80.000000 30.065708
81.000000 32.273635
82.000000 33.249244
83.000000 34.245321
84.000000 33.077817
85.000000 35.711154
86.000000 34.358731
87.000000 36.651939
88.000000 37.712829
89.000000 36.610138
90.000000 36.760231
91.000000 39.094374
92.000000 38.012150
93.000000 38.182711
94.000000 38.353272
95.000000 41.071890
96.000000 39.804747
97.000000 39.999187
98.000000 40.193626
99.000000 40.388066
100.000000 40.582506
101.000000 40.776945
102.000000 38.423328
103.000000 40.055472
104.000000 40.226033
105.000000 40.396594
106.000000 40.567155
107.000000 40.737716
108.000000 38.724229
109.000000 40.127108
110.000000 38.093153
111.000000 39.475564
112.000000 37.421142
113.000000 38.783086
114.000000 36.344188
115.000000 37.891051
116.000000 37.976332
117.000000 35.877564
118.000000 37.195162
119.000000 35.075927
120.000000 36.373058
121.000000 36.417403
122.000000 34.277701
123.000000 35.554364
124.000000 35.578243
125.000000 33.054065
126.000000 34.515647
127.000000 32.331598
128.000000 33.563916
129.000000 33.543449
130.000000 31.338933
131.000000 32.550783
132.000000 32.509848
133.000000 30.284865
134.000000 31.476248
135.000000 31.414846
136.000000 31.353444
137.000000 31.292042
138.000000 28.682583
139.000000 30.058885
140.000000 29.973605
141.000000 32.436381
142.000000 30.913396
143.000000 30.851994
144.000000 30.790592
145.000000 30.729190
146.000000 30.667788
147.000000 30.606386
148.000000 30.544984
149.000000 30.483582
150.000000 30.422180
151.000000 30.360778
152.000000 30.299376
153.000000 32.422023
154.000000 31.128303
155.000000 31.087369
156.000000 31.046434
157.000000 33.189548
158.000000 31.916296
159.000000 31.895828
160.000000 31.875361
161.000000 31.854894
162.000000 31.834426
163.000000 31.813959
164.000000 31.793492
165.000000 31.773024
166.000000 33.936606
167.000000 32.683821
168.000000 32.683821
169.000000 32.683821
170.000000 32.683821
171.000000 32.683821
172.000000 32.683821
173.000000 32.683821
174.000000 35.231878
175.000000 33.794174
176.000000 33.818052
177.000000 33.841931
178.000000 33.865809
179.000000 33.889688
180.000000 33.913566
181.000000 33.937445
182.000000 33.961323
183.000000 33.985202
184.000000 34.009081
185.000000 34.032959
186.000000 34.056838
187.000000 34.080716
188.000000 36.288643
189.000000 32.896156
190.000000 36.356868
191.000000 35.148429
192.000000 35.192775
193.000000 35.237121
194.000000 35.281466
195.000000 35.325812
196.000000 35.370158
197.000000 35.414504
198.000000 35.458850
199.000000 35.503196
200.000000 33.363493
201.000000 34.640157
202.000000 34.664035
203.000000 34.687914
204.000000 32.163736
205.000000 33.625318
206.000000 33.625318
207.000000 33.625318
208.000000 33.625318
209.000000 33.625318
210.000000 31.441269
211.000000 32.673587
212.000000 32.653120
213.000000 32.632652
214.000000 32.612185
215.000000 32.591718
216.000000 32.571250
217.000000 30.366734
218.000000 31.578585
219.000000 31.537650
220.000000 31.496715
221.000000 31.455781
222.000000 31.414846
223.000000 31.373911
224.000000 31.332977
225.000000 31.292042
226.000000 31.251107
227.000000 31.210173
228.000000 31.169238
229.000000 31.128303
230.000000 31.087369
231.000000 31.046434
232.000000 31.005499
233.000000 33.148613
234.000000 31.875361
235.000000 34.038942
236.000000 32.786157
237.000000 32.786157
238.000000 32.786157
239.000000 32.786157
240.000000 32.786157
241.000000 32.786157
242.000000 32.786157
243.000000 32.786157
244.000000 32.786157
245.000000 32.786157
246.000000 32.786157
247.000000 32.786157
248.000000 32.786157
249.000000 32.786157
250.000000 32.786157
251.000000 32.786157
252.000000 32.786157
253.000000 32.786157
254.000000 32.786157
255.000000 32.786157
256.000000 32.786157
257.000000 32.786157
258.000000 32.786157
259.000000 35.334214
260.000000 31.348453
261.000000 35.358093
262.000000 33.920389
263.000000 33.944267
264.000000 33.968146
265.000000 33.992024
266.000000 34.015903
267.000000 34.039782
268.000000 34.063660
269.000000 34.087539
270.000000 34.111417
271.000000 34.135296
272.000000 34.159174
273.000000 34.183053
274.000000 34.206931
275.000000 34.230810
276.000000 34.254689
277.000000 34.278567
278.000000 31.754389
279.000000 33.215971
280.000000 33.215971
281.000000 33.215971
282.000000 33.215971
283.000000 33.215971
284.000000 33.215971
285.000000 33.215971
286.000000 33.215971
287.000000 33.215971
288.000000 33.215971
289.000000 33.215971
290.000000 33.215971
291.000000 33.215971
292.000000 33.215971
293.000000 33.215971
294.000000 33.215971
295.000000 33.215971
296.000000 33.215971
297.000000 33.215971
298.000000 31.031923
299.000000 34.448289
300.000000 33.195504
301.000000 33.195504
302.000000 33.195504
303.000000 33.195504
304.000000 33.195504
305.000000 31.011455
306.000000 32.243773
307.000000 32.223306
308.000000 32.202838
309.000000 32.182371
310.000000 34.345952
311.000000 33.093167
312.000000 33.093167
313.000000 33.093167
314.000000 33.093167
315.000000 33.093167
316.000000 33.093167
317.000000 35.641224
318.000000 34.203520
319.000000 34.227399
320.000000 34.251277
321.000000 34.275156
322.000000 34.299034
323.000000 36.506962
324.000000 35.298523
325.000000 33.158820
326.000000 34.435483
327.000000 34.459362
328.000000 34.483240
329.000000 34.507119
330.000000 34.530998
331.000000 34.554876
332.000000 34.578755
333.000000 32.054576
334.000000 36.064216
335.000000 32.078455
336.000000 33.540038
337.000000 33.540038
338.000000 33.540038
339.000000 31.355989
340.000000 32.588307
341.000000 32.567839
342.000000 32.547372
343.000000 32.526905
344.000000 32.506437
345.000000 30.301921
346.000000 31.513772
347.000000 31.472837
348.000000 31.431902
349.000000 31.390968
350.000000 31.350033
351.000000 31.309098
352.000000 31.268164
353.000000 31.227229
354.000000 33.370343
355.000000 32.097091
356.000000 32.076623
357.000000 32.056156
358.000000 32.035689
359.000000 32.015221
360.000000 34.178803
361.000000 32.926018
362.000000 32.926018
363.000000 32.926018
364.000000 32.926018
365.000000 32.926018
366.000000 32.926018
367.000000 32.926018
368.000000 32.926018
369.000000 32.926018
370.000000 32.926018
371.000000 32.926018
372.000000 32.926018
373.000000 32.926018
374.000000 32.926018
375.000000 32.926018
376.000000 32.926018
377.000000 32.926018
378.000000 32.926018
379.000000 32.926018
380.000000 32.926018
381.000000 32.926018
382.000000 32.926018
383.000000 32.926018
384.000000 32.926018
385.000000 32.926018
386.000000 30.741969
387.000000 31.974287
388.000000 31.953819
389.000000 34.117401
390.000000 32.864616
391.000000 30.680567
392.000000 34.096933
393.000000 32.844148
394.000000 32.844148
395.000000 32.844148
396.000000 32.844148
397.000000 32.844148
398.000000 32.844148
399.000000 32.844148
400.000000 32.844148
401.000000 32.844148
402.000000 32.844148
403.000000 32.844148
404.000000 32.844148
405.000000 32.844148
406.000000 32.844148
407.000000 32.844148
408.000000 35.392205
409.000000 33.954501
410.000000 33.978380
411.000000 34.002258
412.000000 34.026137
413.000000 34.050015
414.000000 34.073894
415.000000 34.097772
416.000000 34.121651
417.000000 34.145529
418.000000 31.621351
419.000000 33.082934
420.000000 33.082934
421.000000 33.082934
422.000000 33.082934
423.000000 30.898885
424.000000 32.131203
425.000000 32.110735
426.000000 32.090268
427.000000 32.069801
428.000000 32.049333
429.000000 29.844817
430.000000 33.240716
431.000000 29.783415
432.000000 30.995266
433.000000 30.954331
434.000000 30.913396
435.000000 30.872462
436.000000 30.831527
437.000000 30.790592
438.000000 30.749658
439.000000 30.708723
440.000000 30.667788
441.000000 30.626854
442.000000 30.585919
443.000000 30.544984
444.000000 30.504050
445.000000 32.647164
446.000000 31.373911
447.000000 31.353444
448.000000 31.332977
449.000000 33.496558
450.000000 100.000000
451.000000 0.000000
452.000000 1.705611
453.000000 3.411222
454.000000 5.116833
455.000000 6.822444
456.000000 8.528056
457.000000 10.233667
458.000000 11.939278
459.000000 13.644889
460.000000 15.350500
461.000000 17.056111
462.000000 21.309779
463.000000 21.577686
464.000000 25.491225
465.000000 25.988397
466.000000 29.922402
467.000000 30.440042
468.000000 34.394515
469.000000 37.480678
470.000000 40.017914
471.000000 42.784416
472.000000 45.571384
473.000000 46.194771
474.000000 50.619000
475.000000 53.241517
476.000000 53.909250
477.000000 58.013817
478.000000 58.702018
479.000000 60.643003
480.000000 62.583989
481.000000 64.524974
482.000000 66.465959
483.000000 68.406945
484.000000 70.347930
485.000000 70.104867
486.000000 73.278170
487.000000 73.014640
488.000000 76.167475
489.000000 75.519469
490.000000 76.673175
491.000000 77.597617
492.000000 75.953534
493.000000 78.274744
494.000000 76.929856
495.000000 76.432810
496.000000 78.648273
497.000000 76.833629
498.000000 76.800230
499.000000 76.153090
500.000000 76.034410
501.000000 73.117942
502.000000 74.146299
503.000000 71.124082
504.000000 69.498635
505.000000 70.356431
506.000000 69.347702
507.000000 66.319376
508.000000 67.027078
509.000000 63.684207
510.000000 64.286161
511.000000 63.021590
512.000000 59.737422
513.000000 60.189283
514.000000 56.590570
515.000000 56.936683
516.000000 55.416270
517.000000 54.424318
518.000000 52.818625
519.000000 51.741391
520.000000 50.050418
521.000000 48.887904
522.000000 47.111650
523.000000 48.047904
524.000000 44.954052
525.000000 43.641444
526.000000 44.263153
527.000000 41.063553
528.000000 41.829246
529.000000 41.112889
530.000000 40.012057
531.000000 39.460152
532.000000 38.678982
533.000000 37.877345
534.000000 39.239289
535.000000 36.800392
536.000000 38.347255
537.000000 38.432535
538.000000 36.333767
539.000000 37.651365
540.000000 37.716179
541.000000 37.780992
542.000000 37.845805
543.000000 37.910618
544.000000 37.975431
545.000000 38.040245
546.000000 40.289107
547.000000 39.121602
548.000000 39.206883
549.000000 41.840220
550.000000 40.487797
551.000000 42.781004
552.000000 41.657846
553.000000 41.787472
554.000000 41.917099
555.000000 44.230774
556.000000 43.128083
557.000000 45.462225
558.000000 44.380001
559.000000 47.098619
560.000000 45.831476
561.000000 48.209965
562.000000 49.356135
563.000000 48.338725
564.000000 48.574099
565.000000 50.993522
566.000000 49.996579
567.000000 50.252420
568.000000 50.508262
569.000000 50.764104
570.000000 53.568002
571.000000 52.386140
572.000000 52.665860
573.000000 55.129629
574.000000 54.177031
575.000000 54.477219
576.000000 54.777406
577.000000 55.077594
578.000000 55.377782
579.000000 55.677969
580.000000 55.978157
581.000000 56.278344
582.000000 56.578532
583.000000 54.694671
584.000000 56.227176
585.000000 56.506896
586.000000 56.786616
587.000000 57.066337
588.000000 57.346057
589.000000 57.625777
590.000000 55.357440
591.000000 57.074865
592.000000 55.146658
593.000000 54.450768
594.000000 55.918460
595.000000 53.949319
596.000000 52.848486
597.000000 54.480630
598.000000 52.467143
599.000000 53.870021
600.000000 51.836066
601.000000 51.034429
602.000000 52.396373
603.000000 49.957476
604.000000 51.504339
605.000000 49.405571
606.000000 50.723169
607.000000 48.603933
608.000000 49.901064
609.000000 49.945410
610.000000 49.989756
611.000000 47.850053
612.000000 49.126717
613.000000 49.150595
614.000000 46.626417
615.000000 48.088000
616.000000 45.903951
617.000000 47.136269
618.000000 44.931753
619.000000 46.143603
620.000000 46.102668
621.000000 43.877685
622.000000 45.069068
623.000000 45.007666
624.000000 44.946264
625.000000 42.336805
626.000000 43.713107
627.000000 46.175883
628.000000 44.652899
629.000000 44.591497
630.000000 44.530095
631.000000 44.468693
632.000000 44.407291
633.000000 44.345889
634.000000 44.284487
635.000000 44.223085
636.000000 44.161683
637.000000 44.100281
638.000000 46.222928
639.000000 44.929208
640.000000 44.888273
641.000000 44.847339
642.000000 46.990453
643.000000 45.717200
644.000000 45.696733
645.000000 45.676266
646.000000 45.655798
647.000000 47.819380
648.000000 46.566595
649.000000 46.566595
650.000000 49.114651
651.000000 47.676947
652.000000 49.884875
653.000000 48.676436
654.000000 48.720781
655.000000 48.765127
656.000000 48.809473
657.000000 48.853819
658.000000 48.898165
659.000000 48.942511
660.000000 51.170905
661.000000 47.798885
662.000000 49.096016
663.000000 49.140362
664.000000 49.184708
665.000000 49.229054
666.000000 49.273399
667.000000 49.317745
668.000000 49.362091
669.000000 49.406437
670.000000 49.450783
671.000000 49.495129
672.000000 49.539475
673.000000 47.399772
674.000000 48.676436
675.000000 46.152257
676.000000 47.613840
677.000000 47.613840
678.000000 47.613840
679.000000 47.613840
680.000000 47.613840
681.000000 47.613840
682.000000 47.613840
683.000000 47.613840
684.000000 47.613840
685.000000 47.613840
686.000000 47.613840
687.000000 50.161897
688.000000 48.724193
689.000000 48.748071
690.000000 50.955998
691.000000 49.747559
692.000000 49.791905
693.000000 49.836251
694.000000 49.880597
695.000000 49.924943
696.000000 47.785240
697.000000 49.061904
698.000000 49.085782
699.000000 46.561604
700.000000 48.023186
701.000000 48.023186
702.000000 48.023186
703.000000 48.023186
704.000000 48.023186
705.000000 48.023186
706.000000 48.023186
707.000000 48.023186
708.000000 48.023186
709.000000 48.023186
710.000000 45.839138
711.000000 47.071455
712.000000 47.050988
713.000000 47.030521
714.000000 47.010053
715.000000 44.805537
716.000000 46.017388
717.000000 45.976453
718.000000 45.935518
719.000000 45.894584
720.000000 45.853649
721.000000 47.996763
722.000000 46.723511
723.000000 46.703043
724.000000 46.682576
725.000000 46.662109
726.000000 46.641641
727.000000 46.621174
728.000000 46.600707
729.000000 46.580239
730.000000 46.559772
731.000000 46.539305
732.000000 46.518837
733.000000 46.498370
734.000000 46.477903
735.000000 46.457435
736.000000 44.252919
737.000000 45.464770
738.000000 45.423835
739.000000 45.382900
740.000000 45.341966
741.000000 47.485080
742.000000 46.211827
743.000000 46.191360
744.000000 46.170893
745.000000 46.150425
746.000000 46.129958
747.000000 46.109491
748.000000 48.273072
749.000000 47.020287
750.000000 47.020287
751.000000 47.020287
752.000000 47.020287
753.000000 47.020287
754.000000 47.020287
755.000000 47.020287
756.000000 49.568344
757.000000 48.130640
758.000000 48.154519
759.000000 48.178397
760.000000 48.202276
761.000000 48.226154
762.000000 48.250033
763.000000 48.273911
764.000000 48.297790
765.000000 48.321668
766.000000 48.345547
767.000000 48.369426
768.000000 50.577353
769.000000 49.368914
770.000000 49.413260
771.000000 49.457605
772.000000 47.317903
773.000000 50.778615
774.000000 49.570176
775.000000 49.614522
776.000000 49.658868
777.000000 49.703213
778.000000 47.563511
779.000000 48.840174
780.000000 48.864053
781.000000 48.887931
782.000000 48.911810
783.000000 46.387632
784.000000 47.849214
785.000000 47.849214
786.000000 47.849214
787.000000 47.849214
788.000000 45.665165
789.000000 46.897483
790.000000 46.877016
791.000000 46.856548
792.000000 46.836081
793.000000 46.815614
794.000000 46.795146
795.000000 46.774679
796.000000 46.754212
797.000000 48.917793
798.000000 45.480959
799.000000 46.713277
800.000000 46.692810
801.000000 46.672342
802.000000 46.651875
803.000000 46.631408
804.000000 46.610940
805.000000 46.590473
806.000000 46.570006
807.000000 46.549538
808.000000 46.529071
809.000000 46.508604
810.000000 46.488136
811.000000 46.467669
812.000000 46.447202
813.000000 46.426734
814.000000 44.222218
815.000000 45.434069
816.000000 47.577183
817.000000 46.303930
818.000000 46.283463
819.000000 46.262996
820.000000 46.242528
821.000000 44.038012
822.000000 45.249863
823.000000 45.208928
824.000000 45.167993
825.000000 45.127059
826.000000 45.086124
827.000000 45.045189
828.000000 45.004255
829.000000 44.963320
830.000000 44.922385
831.000000 44.881451
832.000000 47.024565
833.000000 45.751312
834.000000 43.546796
835.000000 46.942695
836.000000 45.669443
837.000000 45.648976
838.000000 45.628508
839.000000 45.608041
840.000000 45.587574
841.000000 47.751155
842.000000 46.498370
843.000000 46.498370
844.000000 46.498370
845.000000 46.498370
846.000000 46.498370
847.000000 46.498370
848.000000 46.498370
849.000000 46.498370
850.000000 46.498370
851.000000 46.498370
852.000000 49.046427
853.000000 47.608723
854.000000 47.632602
855.000000 47.656480
856.000000 47.680359
857.000000 47.704237
858.000000 49.912164
859.000000 48.703725
860.000000 48.748071
861.000000 48.792417
862.000000 48.836763
863.000000 48.881109
864.000000 48.925455
865.000000 48.969801
866.000000 49.014147
867.000000 49.058492
868.000000 49.102838
869.000000 49.147184
870.000000 49.191530
871.000000 47.051827
872.000000 48.328491
873.000000 48.352369
874.000000 45.828191
875.000000 47.289774
876.000000 47.289774
877.000000 47.289774
878.000000 45.105725
879.000000 46.338043
880.000000 46.317575
881.000000 46.297108
882.000000 46.276641
883.000000 46.256173
884.000000 46.235706
885.000000 44.031190
886.000000 45.243040
887.000000 45.202106
888.000000 45.161171
889.000000 45.120236
890.000000 45.079302
891.000000 45.038367
892.000000 44.997432
893.000000 44.956498
894.000000 44.915563
895.000000 44.874628
896.000000 47.017742
897.000000 45.744490
898.000000 45.724023
899.000000 45.703555