0.000000 25.000000
1.000000 25.000000
2.000000 57.329688
3.000000 50.214063
4.000000 50.523438
5.000000 50.832813
6.000000 51.142188
7.000000 51.451563
8.000000 51.760938
9.000000 51.208187
10.000000 51.707313
11.000000 52.008437
12.000000 52.309562
13.000000 52.610687
14.000000 52.049688
15.000000 51.678438
16.000000 52.161063
17.000000 51.439875
18.000000 51.083750
19.000000 50.686375
20.000000 50.280750
21.000000 49.723188
22.000000 49.332688
23.000000 48.900938
24.000000 47.455125
25.000000 47.228250
26.000000 45.900000
27.000000 45.471688
28.000000 45.012438
29.000000 43.649813
30.000000 43.187125
31.000000 41.831375
32.000000 40.480438
33.000000 40.150438
34.000000 38.719063
35.000000 38.187625
36.000000 37.625250
37.000000 36.159500
38.000000 35.593688
39.000000 34.996938
40.000000 34.358938
41.000000 33.712688
42.000000 32.052375
43.000000 32.473125
44.000000 31.602750
45.000000 30.922125
46.000000 30.089563
47.000000 29.424063
48.000000 28.717313
49.000000 28.002313
50.000000 27.135375
51.000000 27.297625
52.000000 26.366750
53.000000 26.487750
54.000000 26.410750
55.000000 25.471625
56.000000 25.584375
57.000000 25.499125
58.000000 25.413875
59.000000 25.328625
60.000000 25.243375
61.000000 25.158125
62.000000 25.072875
63.000000 24.987625
64.000000 24.902375
65.000000 24.817125
66.000000 25.594000
67.000000 25.319000
68.000000 25.242000
69.000000 25.165000
70.000000 25.088000
71.000000 25.873125
72.000000 25.606375
73.000000 25.537625
74.000000 26.474688
75.000000 26.184563
76.000000 26.987563
77.000000 26.738688
78.000000 27.549937
79.000000 27.309313
80.000000 28.128813
81.000000 28.902250
82.000000 28.646500
83.000000 29.483875
84.000000 30.131500
85.000000 29.925250
86.000000 29.917000
87.000000 30.770875
88.000000 30.572875
89.000000 30.572875
90.000000 30.572875
91.000000 31.578688
92.000000 31.357313
93.000000 31.366938
94.000000 31.376563
95.000000 32.248313
96.000000 32.068188
97.000000 32.086063
98.000000 32.103938
99.000000 32.983937
100.000000 32.812063
101.000000 32.838188
102.000000 32.864313
103.000000 32.890438
104.000000 32.916563
105.000000 33.804813
106.000000 33.641188
107.000000 33.675563
108.000000 33.709938
109.000000 33.744313
110.000000 33.778688
111.000000 33.813063
112.000000 33.847438
113.000000 33.881813
114.000000 33.916188
115.000000 33.950563
116.000000 33.984938
117.000000 34.019313
118.000000 33.191562
119.000000 33.415687
120.000000 33.441812
121.000000 33.467937
122.000000 33.494062
123.000000 33.520187
124.000000 32.684188
125.000000 32.900063
126.000000 32.917938
127.000000 32.935813
128.000000 32.091563
129.000000 32.299188
130.000000 32.308813
131.000000 32.318438
132.000000 31.322250
133.000000 31.553250
134.000000 31.553250
135.000000 31.553250
136.000000 31.553250
137.000000 31.553250
138.000000 31.553250
139.000000 31.553250
140.000000 31.553250
141.000000 31.553250
142.000000 31.553250
143.000000 30.691125
144.000000 30.880875
145.000000 30.872625
146.000000 30.864375
147.000000 30.856125
148.000000 30.847875
149.000000 30.839625
150.000000 30.831375
151.000000 30.823125
152.000000 30.814875
153.000000 30.806625
154.000000 30.798375
155.000000 30.790125
156.000000 30.781875
157.000000 30.773625
158.000000 30.765375
159.000000 30.757125
160.000000 30.748875
161.000000 30.740625
162.000000 30.732375
163.000000 30.724125
164.000000 30.715875
165.000000 30.707625
166.000000 30.699375
167.000000 30.691125
168.000000 30.682875
169.000000 30.674625
170.000000 30.666375
171.000000 30.658125
172.000000 30.649875
173.000000 30.641625
174.000000 30.633375
175.000000 30.625125
176.000000 30.616875
177.000000 30.608625
178.000000 30.600375
179.000000 30.592125
180.000000 30.583875
181.000000 30.575625
182.000000 30.567375
183.000000 30.559125
184.000000 30.550875
185.000000 30.542625
186.000000 30.534375
187.000000 30.526125
188.000000 30.517875
189.000000 30.509625
190.000000 30.501375
191.000000 30.493125
192.000000 30.484875
193.000000 30.476625
194.000000 30.468375
195.000000 30.460125
196.000000 30.451875
197.000000 30.443625
198.000000 31.297500
199.000000 31.099500
200.000000 31.099500
201.000000 31.099500
202.000000 31.099500
203.000000 31.099500
204.000000 31.099500
205.000000 31.099500
206.000000 31.099500
207.000000 31.099500
208.000000 31.099500
209.000000 31.099500
210.000000 31.099500
211.000000 31.099500
212.000000 31.099500
213.000000 31.099500
214.000000 31.099500
215.000000 31.099500
216.000000 31.099500
217.000000 31.099500
218.000000 31.099500
219.000000 31.099500
220.000000 31.099500
221.000000 30.237375
222.000000 30.427125
223.000000 31.281000
224.000000 31.083000
225.000000 31.083000
226.000000 32.088813
227.000000 31.867438
228.000000 31.877063
229.000000 31.886688
230.000000 31.896313
231.000000 31.905938
232.000000 31.915563
233.000000 31.925188
234.000000 31.934813
235.000000 32.806563
236.000000 32.626438
237.000000 32.644313
238.000000 32.662188
239.000000 32.680063
240.000000 32.697938
241.000000 32.715813
242.000000 32.733688
243.000000 32.751563
244.000000 32.769438
245.000000 32.787313
246.000000 31.943063
247.000000 33.012813
248.000000 31.970563
249.000000 33.040313
250.000000 32.860188
251.000000 32.878063
252.000000 32.895938
253.000000 32.913813
254.000000 32.069563
255.000000 32.277188
256.000000 32.286813
257.000000 32.296438
258.000000 32.306063
259.000000 32.315688
260.000000 31.319500
261.000000 31.550500
262.000000 31.550500
263.000000 31.550500
264.000000 31.550500
265.000000 30.688375
266.000000 30.878125
267.000000 30.869875
268.000000 30.861625
269.000000 30.853375
270.000000 30.845125
271.000000 29.974750
272.000000 30.156250
273.000000 30.139750
274.000000 30.123250
275.000000 30.106750
276.000000 30.090250
277.000000 30.073750
278.000000 30.057250
279.000000 30.040750
280.000000 30.886375
281.000000 30.680125
282.000000 31.534000
283.000000 31.336000
284.000000 31.336000
285.000000 31.336000
286.000000 31.336000
287.000000 31.336000
288.000000 31.336000
289.000000 31.336000
290.000000 31.336000
291.000000 31.336000
292.000000 31.336000
293.000000 31.336000
294.000000 31.336000
295.000000 30.473875
296.000000 30.663625
297.000000 30.655375
298.000000 30.647125
299.000000 30.638875
300.000000 30.630625
301.000000 30.622375
302.000000 30.614125
303.000000 30.605875
304.000000 30.597625
305.000000 30.589375
306.000000 30.581125
307.000000 30.572875
308.000000 30.564625
309.000000 30.556375
310.000000 30.548125
311.000000 30.539875
312.000000 30.531625
313.000000 30.523375
314.000000 30.515125
315.000000 30.506875
316.000000 30.498625
317.000000 30.490375
318.000000 30.482125
319.000000 30.473875
320.000000 30.465625
321.000000 30.457375
322.000000 30.449125
323.000000 30.440875
324.000000 30.432625
325.000000 30.424375
326.000000 30.416125
327.000000 30.407875
328.000000 30.399625
329.000000 30.391375
330.000000 30.383125
331.000000 30.374875
332.000000 30.366625
333.000000 30.358375
334.000000 30.350125
335.000000 30.341875
336.000000 31.195750
337.000000 30.997750
338.000000 30.997750
339.000000 30.997750
340.000000 30.135625
341.000000 30.325375
342.000000 30.317125
343.000000 30.308875
344.000000 31.162750
345.000000 30.964750
346.000000 30.964750
347.000000 30.964750
348.000000 30.964750
349.000000 30.964750
350.000000 31.970563
351.000000 31.749188
352.000000 30.753000
353.000000 30.984000
354.000000 30.984000
355.000000 30.984000
356.000000 30.984000
357.000000 30.984000
358.000000 30.984000
359.000000 31.989813
360.000000 30.762625
361.000000 30.993625
362.000000 30.993625
363.000000 30.993625
364.000000 31.999438
365.000000 31.778063
366.000000 31.787688
367.000000 31.797313
368.000000 31.806938
369.000000 31.816563
370.000000 31.826188
371.000000 31.835813
372.000000 31.845438
373.000000 31.855063
374.000000 31.864688
375.000000 31.874313
376.000000 31.883938
377.000000 31.893563
378.000000 31.903188
379.000000 31.912813
380.000000 30.916625
381.000000 31.147625
382.000000 31.147625
383.000000 31.147625
384.000000 31.147625
385.000000 31.147625
386.000000 30.285500
387.000000 30.475250
388.000000 30.467000
389.000000 30.458750
390.000000 30.450500
391.000000 30.442250
392.000000 30.434000
393.000000 30.425750
394.000000 30.417500
395.000000 30.409250
396.000000 30.401000
397.000000 30.392750
398.000000 30.384500
399.000000 30.376250
400.000000 30.368000
401.000000 30.359750
402.000000 30.351500
403.000000 30.343250
404.000000 31.197125
405.000000 30.999125
406.000000 30.999125
407.000000 30.999125
408.000000 30.999125
409.000000 30.999125
410.000000 30.999125
411.000000 30.999125
412.000000 30.999125
413.000000 30.999125
414.000000 30.999125
415.000000 30.999125
416.000000 30.999125
417.000000 30.999125
418.000000 30.999125
419.000000 30.999125
420.000000 30.999125
421.000000 30.999125
422.000000 30.999125
423.000000 30.999125
424.000000 30.999125
425.000000 30.999125
426.000000 30.999125
427.000000 30.999125
428.000000 30.999125
429.000000 30.999125
430.000000 30.999125
431.000000 30.999125
432.000000 30.999125
433.000000 30.999125
434.000000 30.999125
435.000000 32.004938
436.000000 30.777750
437.000000 31.008750
438.000000 31.008750
439.000000 31.008750
440.000000 31.008750
441.000000 31.008750
442.000000 31.008750
443.000000 31.008750
444.000000 31.008750
445.000000 31.008750
446.000000 31.008750
447.000000 31.008750
448.000000 31.008750
449.000000 31.008750
450.000000 100.000000
451.000000 85.193313
452.000000 85.659438
453.000000 86.356563
454.000000 87.053688
455.000000 86.745000
456.000000 87.663500
457.000000 88.351000
458.000000 88.176375
459.000000 89.053625
460.000000 88.870750
461.000000 88.877625
462.000000 87.870438
463.000000 88.082188
464.000000 87.048875
465.000000 87.234500
466.000000 86.318750
467.000000 85.440813
468.000000 83.715875
469.000000 82.306500
470.000000 80.695688
471.000000 79.953875
472.000000 77.271938
473.000000 76.819563
474.000000 74.915875
475.000000 73.217063
476.000000 72.497938
477.000000 70.525500
478.000000 68.757938
479.000000 67.107938
480.000000 65.256500
481.000000 64.274063
482.000000 62.357313
483.000000 60.437125
484.000000 58.523813
485.000000 57.590188
486.000000 55.403250
487.000000 54.283313
488.000000 52.229063
489.000000 50.171375
490.000000 48.982688
491.000000 47.721813
492.000000 46.267750
493.000000 44.972500
494.000000 43.484063
495.000000 42.154438
496.000000 41.637438
497.000000 39.908375
498.000000 39.398250
499.000000 38.648875
500.000000 36.885438
501.000000 37.203063
502.000000 36.229563
503.000000 35.445813
504.000000 34.510125
505.000000 34.603625
506.000000 33.604000
507.000000 33.656250
508.000000 33.510500
509.000000 33.364750
510.000000 33.219000
511.000000 33.073250
512.000000 33.789625
513.000000 33.454125
514.000000 33.316625
515.000000 34.184938
516.000000 34.688188
517.000000 35.232688
518.000000 34.923313
519.000000 35.674063
520.000000 36.378750
521.000000 36.916375
522.000000 37.495250
523.000000 37.220250
524.000000 38.005375
525.000000 38.744438
526.000000 38.454313
527.000000 39.257313
528.000000 39.870563
529.000000 39.629938
530.000000 40.449438
531.000000 41.222875
532.000000 41.829250
533.000000 42.476875
534.000000 43.132750
535.000000 43.940563
536.000000 43.719188
537.000000 44.590938
538.000000 45.272938
539.000000 45.101063
540.000000 45.989313
541.000000 46.831500
542.000000 46.644500
543.000000 47.550625
544.000000 47.404875
545.000000 47.457125
546.000000 48.371500
547.000000 48.234000
548.000000 49.156625
549.000000 49.027375
550.000000 50.101938
551.000000 49.949313
552.000000 50.027688
553.000000 50.968188
554.000000 50.856813
555.000000 50.943438
556.000000 51.030063
557.000000 51.116688
558.000000 51.203313
559.000000 51.289938
560.000000 51.376563
561.000000 50.601063
562.000000 50.877438
563.000000 50.955813
564.000000 51.034188
565.000000 51.112563
566.000000 51.190938
567.000000 50.263500
568.000000 50.563250
569.000000 50.632000
570.000000 49.838625
571.000000 50.097125
572.000000 50.157625
573.000000 50.218125
574.000000 50.278625
575.000000 49.477000
576.000000 49.727250
577.000000 49.779500
578.000000 49.831750
579.000000 49.021875
580.000000 49.263875
581.000000 49.307875
582.000000 49.351875
583.000000 48.390063
584.000000 48.655438
585.000000 47.827688
586.000000 47.189688
587.000000 47.405563
588.000000 47.423438
589.000000 46.579188
590.000000 46.786813
591.000000 46.796438
592.000000 45.800250
593.000000 46.031250
594.000000 46.031250
595.000000 45.169125
596.000000 45.358875
597.000000 45.350625
598.000000 45.342375
599.000000 45.334125
600.000000 45.325875
601.000000 45.317625
602.000000 45.309375
603.000000 45.301125
604.000000 44.430750
605.000000 44.612250
606.000000 44.595750
607.000000 44.579250
608.000000 44.562750
609.000000 44.546250
610.000000 44.529750
611.000000 43.651125
612.000000 43.824375
613.000000 43.799625
614.000000 43.774875
615.000000 43.750125
616.000000 43.725375
617.000000 43.700625
618.000000 44.538000
619.000000 44.323500
620.000000 44.307000
621.000000 44.290500
622.000000 44.274000
623.000000 45.119625
624.000000 44.913375
625.000000 44.905125
626.000000 44.034750
627.000000 45.078375
628.000000 44.872125
629.000000 44.863875
630.000000 45.717750
631.000000 45.519750
632.000000 45.519750
633.000000 45.519750
634.000000 45.519750
635.000000 44.657625
636.000000 44.847375
637.000000 44.839125
638.000000 44.830875
639.000000 44.822625
640.000000 44.814375
641.000000 44.806125
642.000000 44.797875
643.000000 45.651750
644.000000 45.453750
645.000000 45.453750
646.000000 45.453750
647.000000 45.453750
648.000000 45.453750
649.000000 46.459563
650.000000 46.238188
651.000000 46.247813
652.000000 46.257438
653.000000 46.267063
654.000000 47.138813
655.000000 46.096563
656.000000 47.166313
657.000000 46.986188
658.000000 46.141938
659.000000 46.349563
660.000000 46.359188
661.000000 46.368813
662.000000 46.378438
663.000000 46.388063
664.000000 47.259813
665.000000 46.217563
666.000000 46.425188
667.000000 46.434813
668.000000 46.444438
669.000000 46.454063
670.000000 46.463688
671.000000 46.473313
672.000000 46.482938
673.000000 46.492563
674.000000 46.502188
675.000000 46.511813
676.000000 46.521438
677.000000 46.531063
678.000000 46.540688
679.000000 46.550313
680.000000 46.559938
681.000000 46.569563
682.000000 46.579188
683.000000 46.588813
684.000000 47.460563
685.000000 46.418313
686.000000 46.625938
687.000000 46.635563
688.000000 47.507313
689.000000 47.327188
690.000000 47.345063
691.000000 47.362938
692.000000 47.380813
693.000000 47.398688
694.000000 47.416563
695.000000 47.434438
696.000000 47.452313
697.000000 47.470188
698.000000 47.488063
699.000000 46.643813
700.000000 46.851438
701.000000 46.861063
702.000000 46.870688
703.000000 46.880313
704.000000 46.889938
705.000000 45.893750
706.000000 46.124750
707.000000 46.124750
708.000000 46.124750
709.000000 46.124750
710.000000 46.124750
711.000000 46.124750
712.000000 46.124750
713.000000 45.262625
714.000000 46.314500
715.000000 46.116500
716.000000 46.116500
717.000000 46.116500
718.000000 46.116500
719.000000 46.116500
720.000000 46.116500
721.000000 47.122313
722.000000 46.900938
723.000000 46.910563
724.000000 46.920188
725.000000 45.924000
726.000000 46.155000
727.000000 46.155000
728.000000 46.155000
729.000000 46.155000
730.000000 46.155000
731.000000 46.155000
732.000000 46.155000
733.000000 46.155000
734.000000 46.155000
735.000000 46.155000
736.000000 46.155000
737.000000 46.155000
738.000000 46.155000
739.000000 46.155000
740.000000 46.155000
741.000000 46.155000
742.000000 46.155000
743.000000 46.155000
744.000000 45.292875
745.000000 45.482625
746.000000 45.474375
747.000000 45.466125
748.000000 45.457875
749.000000 45.449625
750.000000 44.579250
751.000000 44.760750
752.000000 44.744250
753.000000 44.727750
754.000000 44.711250
755.000000 44.694750
756.000000 44.678250
757.000000 44.661750
758.000000 44.645250
759.000000 43.766625
760.000000 44.802000
761.000000 44.587500
762.000000 44.571000
763.000000 44.554500
764.000000 44.538000
765.000000 44.521500
766.000000 44.505000
767.000000 44.488500
768.000000 44.472000
769.000000 44.455500
770.000000 44.439000
771.000000 44.422500
772.000000 44.406000
773.000000 44.389500
774.000000 45.235125
775.000000 45.028875
776.000000 45.020625
777.000000 45.012375
778.000000 45.004125
779.000000 45.858000
780.000000 45.660000
781.000000 45.660000
782.000000 45.660000
783.000000 45.660000
784.000000 45.660000
785.000000 45.660000
786.000000 45.660000
787.000000 45.660000
788.000000 45.660000
789.000000 45.660000
790.000000 46.665813
791.000000 46.444438
792.000000 46.454063
793.000000 46.463688
794.000000 46.473313
795.000000 46.482938
796.000000 45.486750
797.000000 45.717750
798.000000 45.717750
799.000000 45.717750
800.000000 45.717750
801.000000 45.717750
802.000000 45.717750
803.000000 45.717750
804.000000 45.717750
805.000000 45.717750
806.000000 46.723563
807.000000 45.496375
808.000000 45.727375
809.000000 45.727375
810.000000 45.727375
811.000000 45.727375
812.000000 45.727375
813.000000 45.727375
814.000000 46.733188
815.000000 45.506000
816.000000 46.742813
817.000000 46.521438
818.000000 46.531063
819.000000 46.540688
820.000000 46.550313
821.000000 46.559938
822.000000 46.569563
823.000000 45.573375
824.000000 45.804375
825.000000 45.804375
826.000000 45.804375
827.000000 45.804375
828.000000 45.804375
829.000000 44.942250
830.000000 45.132000
831.000000 45.123750
832.000000 45.977625
833.000000 44.917500
834.000000 45.107250
835.000000 45.099000
836.000000 45.090750
837.000000 45.082500
838.000000 45.074250
839.000000 45.066000
840.000000 44.195625
841.000000 44.377125
842.000000 45.222750
843.000000 45.016500
844.000000 44.146125
845.000000 44.327625
846.000000 44.311125
847.000000 44.294625
848.000000 44.278125
849.000000 44.261625
850.000000 44.245125
851.000000 44.228625
852.000000 44.212125
853.000000 43.333500
854.000000 44.368875
855.000000 44.154375
856.000000 44.137875
857.000000 44.121375
858.000000 44.967000
859.000000 44.760750
860.000000 44.752500
861.000000 44.744250
862.000000 44.736000
863.000000 44.727750
864.000000 44.719500
865.000000 44.711250
866.000000 44.703000
867.000000 44.694750
868.000000 44.686500
869.000000 44.678250
870.000000 44.670000
871.000000 45.523875
872.000000 45.325875
873.000000 45.325875
874.000000 45.325875
875.000000 45.325875
876.000000 45.325875
877.000000 45.325875
878.000000 45.325875
879.000000 45.325875
880.000000 45.325875
881.000000 45.325875
882.000000 44.463750
883.000000 44.653500
884.000000 44.645250
885.000000 44.637000
886.000000 44.628750
887.000000 44.620500
888.000000 44.612250
889.000000 44.604000
890.000000 44.595750
891.000000 44.587500
892.000000 44.579250
893.000000 43.708875
894.000000 43.890375
895.000000 43.873875
896.000000 44.719500
897.000000 43.651125
898.000000 43.832625
899.000000 43.816125
900.000000 0.000000
901.000000 21.931250
902.000000 20.960500
903.000000 19.989750
904.000000 19.881125
905.000000 18.720625
906.000000 17.758125
907.000000 16.795625
908.000000 16.838937
909.000000 16.517188
910.000000 16.236687
911.000000 15.102312
912.000000 15.028062
913.000000 14.907750
914.000000 13.758250
915.000000 13.701875
916.000000 13.455750
917.000000 13.217875
918.000000 13.131937
919.000000 12.878937
920.000000 13.529312
921.000000 13.279750
922.000000 13.923250
923.000000 13.556125
924.000000 14.401062
925.000000 14.027062
926.000000 13.892312
927.000000 13.909500
928.000000 14.621750
929.000000 15.329187
930.000000 15.877812
931.000000 15.613812
932.000000 16.561875
933.000000 16.291000
934.000000 17.265187
935.000000 17.882562
936.000000 17.687312
937.000000 18.704125
938.000000 19.364125
939.000000 19.355187
940.000000 20.239312
941.000000 20.112812
942.000000 21.198375
943.000000 21.927125
944.000000 22.849062
945.000000 22.750062
946.000000 23.896125
947.000000 23.823250
948.000000 23.989625
949.000000 24.164250
950.000000 25.352937
951.000000 25.322687
952.000000 25.531687
953.000000 25.892625
954.000000 26.086500
955.000000 27.183750
956.000000 27.381062
957.000000 27.609312
958.000000 27.016687
959.000000 28.346312
960.000000 27.572187
961.000000 28.199875
962.000000 27.600375
963.000000 28.094000
964.000000 28.397875
965.000000 27.847875
966.000000 28.358000
967.000000 27.816250
968.000000 28.478312
969.000000 28.775312
970.000000 28.251437
971.000000 27.925562
972.000000 28.461812
973.000000 27.946187
974.000000 27.628562
975.000000 28.173062
976.000000 27.665687
977.000000 28.362125
978.000000 27.831375
979.000000 27.531625
980.000000 27.231875
981.000000 26.932125
982.000000 27.494500
983.000000 27.005000
984.000000 26.713500
985.000000 26.422000
986.000000 26.130500
987.000000 26.701125
988.000000 26.219875
989.000000 25.936625
990.000000 25.653375
991.000000 25.370125
992.000000 25.086875
993.000000 24.803625
994.000000 24.520375
995.000000 24.237125
996.000000 23.953875
997.000000 24.532750
998.000000 24.059750
999.000000 23.784750
1000.000000 23.509750
1001.000000 24.240562
1002.000000 23.744187
1003.000000 23.478812
1004.000000 24.075562
1005.000000 23.620437
1006.000000 23.363312
1007.000000 23.968312
1008.000000 23.521437
1009.000000 23.272562
1010.000000 23.023687
1011.000000 22.774812
1012.000000 22.525937
1013.000000 23.139187
1014.000000 22.700562
1015.000000 22.459937
1016.000000 22.219312
1017.000000 22.984500
1018.000000 22.522500
1019.000000 22.291500
1020.000000 22.060500
1021.000000 21.829500
1022.000000 22.460625
1023.000000 22.039875
1024.000000 22.679250
1025.000000 22.266750
1026.000000 22.914375
1027.000000 22.510125
1028.000000 22.303875
1029.000000 23.103437
1030.000000 22.675812
1031.000000 22.479187
1032.000000 23.144687
1033.000000 22.758312
1034.000000 22.569937
1035.000000 23.243687
1036.000000 22.865562
1037.000000 22.685437
1038.000000 23.367437
1039.000000 22.997562
1040.000000 22.825687
1041.000000 23.659625
1042.000000 23.266375
1043.000000 23.104125
1044.000000 22.941875
1045.000000 23.641750
1046.000000 23.289750
1047.000000 23.135750
1048.000000 22.981750
1049.000000 23.689875
1050.000000 23.346125
1051.000000 23.200375
1052.000000 23.916750
1053.000000 23.581250
1054.000000 24.449562
1055.000000 24.090687
1056.000000 23.962812
1057.000000 24.697062
1058.000000 24.379437
1059.000000 24.259812
1060.000000 24.140187
1061.000000 24.020562
1062.000000 23.900937
1063.000000 23.781312
1064.000000 24.523812
1065.000000 24.214437
1066.000000 24.103062
1067.000000 23.991687
1068.000000 23.880312
1069.000000 23.768937
1070.000000 23.657562
1071.000000 24.408312
1072.000000 24.107187
1073.000000 24.004062
1074.000000 23.900937
1075.000000 23.797812
1076.000000 23.694687
1077.000000 24.597375
1078.000000 24.272875
1079.000000 24.179375
1080.000000 24.085875
1081.000000 24.854500
1082.000000 24.571250
1083.000000 24.486000
1084.000000 24.400750
1085.000000 24.315500
1086.000000 24.230250
1087.000000 24.145000
1088.000000 24.059750
1089.000000 24.836625
1090.000000 24.561625
1091.000000 24.484625
1092.000000 24.407625
1093.000000 24.330625
1094.000000 24.253625
1095.000000 25.038750
1096.000000 24.772000
1097.000000 24.703250
1098.000000 24.634500
1099.000000 24.565750
1100.000000 24.497000
1101.000000 24.428250
1102.000000 24.359500
1103.000000 24.290750
1104.000000 24.222000
1105.000000 25.159062
1106.000000 24.868937
1107.000000 24.809812
1108.000000 24.750687
1109.000000 24.691562
1110.000000 24.632437
1111.000000 24.573312
1112.000000 24.514187
1113.000000 24.455062
1114.000000 24.395937
1115.000000 24.336812
1116.000000 24.277687
1117.000000 24.218562
1118.000000 24.159437
1119.000000 24.100312
1120.000000 24.041187
1121.000000 23.982062
1122.000000 23.922937
1123.000000 22.858000
1124.000000 23.020250
1125.000000 22.951500
1126.000000 22.882750
1127.000000 22.814000
1128.000000 22.745250
1129.000000 22.676500
1130.000000 22.607750
1131.000000 22.539000
1132.000000 23.476062
1133.000000 23.185937
1134.000000 23.126812
1135.000000 23.067687
1136.000000 23.008562
1137.000000 22.949437
1138.000000 22.890312
1139.000000 22.831187
1140.000000 23.634187
1141.000000 23.385312
1142.000000 23.334437
1143.000000 23.283562
1144.000000 23.232687
1145.000000 23.181812
1146.000000 23.130937
1147.000000 23.942187
1148.000000 23.701562
1149.000000 23.658937
1150.000000 23.616312
1151.000000 23.573687
1152.000000 24.393187
1153.000000 24.160812
1154.000000 24.126437
1155.000000 24.092062
1156.000000 24.057687
1157.000000 25.029125
1158.000000 24.773375
1159.000000 24.748625
1160.000000 24.723875
1161.000000 24.699125
1162.000000 24.674375
1163.000000 24.649625
1164.000000 24.624875
1165.000000 24.600125
1166.000000 24.575375
1167.000000 24.550625
1168.000000 24.525875
1169.000000 24.501125
1170.000000 24.476375
1171.000000 24.451625
1172.000000 24.426875
1173.000000 24.402125
1174.000000 24.377375
1175.000000 24.352625
1176.000000 24.327875
1177.000000 24.303125
1178.000000 24.278375
1179.000000 24.253625
1180.000000 24.228875
1181.000000 24.204125
1182.000000 24.179375
1183.000000 24.154625
1184.000000 24.992000
1185.000000 24.777500
1186.000000 23.898875
1187.000000 24.072125
1188.000000 24.047375
1189.000000 24.022625
1190.000000 23.997875
1191.000000 23.973125
1192.000000 23.948375
1193.000000 23.923625
1194.000000 23.898875
1195.000000 23.874125
1196.000000 23.849375
1197.000000 23.824625
1198.000000 23.799875
1199.000000 23.775125
1200.000000 23.750375
1201.000000 23.725625
1202.000000 23.700875
1203.000000 23.676125
1204.000000 24.513500
1205.000000 24.299000
1206.000000 24.282500
1207.000000 24.266000
1208.000000 24.249500
1209.000000 24.233000
1210.000000 24.216500
1211.000000 24.200000
1212.000000 24.183500
1213.000000 24.167000
1214.000000 24.150500
1215.000000 24.134000
1216.000000 24.117500
1217.000000 24.101000
1218.000000 24.084500
1219.000000 24.068000
1220.000000 24.051500
1221.000000 24.035000
1222.000000 24.018500
1223.000000 24.002000
1224.000000 23.985500
1225.000000 23.969000
1226.000000 23.952500
1227.000000 23.936000
1228.000000 23.919500
1229.000000 23.903000
1230.000000 23.886500
1231.000000 23.870000
1232.000000 23.853500
1233.000000 23.837000
1234.000000 23.820500
1235.000000 23.804000
1236.000000 23.787500
1237.000000 22.908875
1238.000000 23.944250
1239.000000 23.729750
1240.000000 23.713250
1241.000000 23.696750
1242.000000 23.680250
1243.000000 23.663750
1244.000000 23.647250
1245.000000 23.630750
1246.000000 23.614250
1247.000000 23.597750
1248.000000 23.581250
1249.000000 23.564750
1250.000000 23.548250
1251.000000 23.531750
1252.000000 23.515250
1253.000000 23.498750
1254.000000 23.482250
1255.000000 23.465750
1256.000000 23.449250
1257.000000 23.432750
1258.000000 23.416250
1259.000000 23.399750
1260.000000 23.383250
1261.000000 23.366750
1262.000000 23.350250
1263.000000 23.333750
1264.000000 23.317250
1265.000000 23.300750
1266.000000 23.284250
1267.000000 23.267750
1268.000000 23.251250
1269.000000 23.234750
1270.000000 23.218250
1271.000000 23.201750
1272.000000 23.185250
1273.000000 23.168750
1274.000000 23.152250
1275.000000 23.135750
1276.000000 23.119250
1277.000000 23.964875
1278.000000 23.758625
1279.000000 23.750375
1280.000000 23.742125
1281.000000 23.733875
1282.000000 23.725625
1283.000000 23.717375
1284.000000 23.709125
1285.000000 23.700875
1286.000000 23.692625
1287.000000 23.684375
1288.000000 23.676125
1289.000000 23.667875
1290.000000 23.659625
1291.000000 23.651375
1292.000000 23.643125
1293.000000 23.634875
1294.000000 0.000000
1295.000000 0.000000
1296.000000 0.000000
1297.000000 0.000000
1298.000000 0.000000
1299.000000 0.000000
1300.000000 0.000000
1301.000000 0.000000
1302.000000 0.000000
1303.000000 0.000000
1304.000000 0.000000
1305.000000 0.000000
1306.000000 0.000000
1307.000000 0.000000
1308.000000 0.000000
1309.000000 0.000000
1310.000000 0.000000
1311.000000 0.000000
1312.000000 0.000000
1313.000000 0.000000
1314.000000 0.000000
1315.000000 0.000000
1316.000000 0.000000
1317.000000 0.000000
1318.000000 0.000000
1319.000000 0.000000
1320.000000 0.000000
1321.000000 0.000000
1322.000000 0.000000
1323.000000 0.000000
1324.000000 0.000000
1325.000000 0.000000
1326.000000 0.000000
1327.000000 0.000000
1328.000000 0.000000
1329.000000 0.000000
1330.000000 0.000000
1331.000000 0.000000
1332.000000 0.000000
1333.000000 0.000000
1334.000000 0.000000
1335.000000 0.000000
1336.000000 0.000000
1337.000000 0.000000
1338.000000 0.000000
1339.000000 0.000000
1340.000000 0.000000
1341.000000 0.000000
1342.000000 0.000000
1343.000000 0.000000
1344.000000 0.000000
1345.000000 0.000000
1346.000000 0.000000
1347.000000 0.000000
1348.000000 0.000000
1349.000000 0.000000
1350.000000 0.000000
1351.000000 0.000000
1352.000000 0.000000
1353.000000 0.000000
1354.000000 0.000000
1355.000000 0.000000
1356.000000 0.000000
1357.000000 0.000000
1358.000000 0.000000
1359.000000 0.000000
1360.000000 0.000000
1361.000000 0.000000
1362.000000 0.000000
1363.000000 0.000000
1364.000000 0.000000
1365.000000 0.000000
1366.000000 0.000000
1367.000000 0.000000
1368.000000 0.000000
1369.000000 0.000000
1370.000000 0.000000
1371.000000 0.000000
1372.000000 0.000000
1373.000000 0.000000
1374.000000 0.000000
1375.000000 0.000000
1376.000000 0.000000
1377.000000 0.000000
1378.000000 0.000000
1379.000000 0.000000
1380.000000 0.000000
1381.000000 0.000000
1382.000000 0.000000
1383.000000 0.000000
1384.000000 0.000000
1385.000000 0.000000
1386.000000 0.000000
1387.000000 0.000000
1388.000000 0.000000
1389.000000 0.000000
1390.000000 0.000000
1391.000000 0.000000
1392.000000 0.000000
1393.000000 0.000000
1394.000000 0.000000
1395.000000 0.000000
1396.000000 0.000000
1397.000000 0.000000
1398.000000 0.000000
1399.000000 0.000000
1400.000000 0.000000
1401.000000 0.000000
1402.000000 0.000000
1403.000000 0.000000
1404.000000 0.000000
1405.000000 0.000000
1406.000000 0.000000
1407.000000 0.000000
1408.000000 0.000000
1409.000000 0.000000
1410.000000 0.000000
1411.000000 0.000000
1412.000000 0.000000
1413.000000 0.000000
1414.000000 0.000000
1415.000000 0.000000
1416.000000 0.000000
1417.000000 0.000000
1418.000000 0.000000
1419.000000 0.000000
1420.000000 0.000000
1421.000000 0.000000
1422.000000 0.000000
1423.000000 0.000000
1424.000000 0.000000
1425.000000 0.000000
1426.000000 0.000000
1427.000000 0.000000
1428.000000 0.000000
1429.000000 0.000000
1430.000000 0.000000
1431.000000 0.000000
1432.000000 0.000000
1433.000000 0.000000
1434.000000 0.000000
1435.000000 0.000000
1436.000000 0.000000
1437.000000 0.000000
1438.000000 0.000000
1439.000000 0.000000
1440.000000 0.000000
1441.000000 0.000000
1442.000000 0.000000
1443.000000 0.000000
1444.000000 0.000000
1445.000000 0.000000
1446.000000 0.000000
1447.000000 0.000000
1448.000000 0.000000
1449.000000 0.000000
1450.000000 0.000000
1451.000000 0.000000
1452.000000 0.000000
1453.000000 0.000000
1454.000000 0.000000
1455.000000 0.000000
1456.000000 0.000000
1457.000000 0.000000
1458.000000 0.000000
1459.000000 0.000000
1460.000000 0.000000
1461.000000 0.000000
1462.000000 0.000000
1463.000000 0.000000
1464.000000 0.000000
1465.000000 0.000000
1466.000000 0.000000
1467.000000 0.000000
1468.000000 0.000000
1469.000000 0.000000
1470.000000 0.000000
1471.000000 0.000000
1472.000000 0.000000
1473.000000 0.000000
1474.000000 0.000000
1475.000000 0.000000
1476.000000 0.000000
1477.000000 0.000000
1478.000000 0.000000
1479.000000 0.000000
1480.000000 0.000000
1481.000000 0.000000
1482.000000 0.000000
1483.000000 0.000000
1484.000000 0.000000
1485.000000 0.000000
1486.000000 0.000000
1487.000000 0.000000
1488.000000 0.000000
1489.000000 0.000000
1490.000000 0.000000
1491.000000 0.000000
1492.000000 0.000000
1493.000000 0.000000
1494.000000 0.000000
1495.000000 0.000000
1496.000000 0.000000
1497.000000 0.000000
1498.000000 0.000000
1499.000000 0.000000
1500.000000 0.000000
1501.000000 0.000000
1502.000000 0.000000
1503.000000 0.000000
1504.000000 0.000000
1505.000000 0.000000
1506.000000 0.000000
1507.000000 0.000000
1508.000000 0.000000
1509.000000 0.000000
1510.000000 0.000000
1511.000000 0.000000
1512.000000 0.000000
1513.000000 0.000000
1514.000000 0.000000
1515.000000 0.000000
1516.000000 0.000000
1517.000000 0.000000
1518.000000 0.000000
1519.000000 0.000000
1520.000000 0.000000
1521.000000 0.000000
1522.000000 0.000000
1523.000000 0.000000
1524.000000 0.000000
1525.000000 0.000000
1526.000000 0.000000
1527.000000 0.000000
1528.000000 0.000000
1529.000000 0.000000
1530.000000 0.000000
1531.000000 0.000000
1532.000000 0.000000
1533.000000 0.000000
1534.000000 0.000000
1535.000000 0.000000
1536.000000 0.000000
1537.000000 0.000000
1538.000000 0.000000
1539.000000 0.000000
1540.000000 0.000000
1541.000000 0.000000
1542.000000 0.000000
1543.000000 0.000000
1544.000000 0.000000
1545.000000 0.000000
1546.000000 0.000000
1547.000000 0.000000
1548.000000 0.000000
1549.000000 0.000000
1550.000000 0.000000
1551.000000 0.000000
1552.000000 0.000000
1553.000000 0.000000
1554.000000 0.000000
1555.000000 0.000000
1556.000000 0.000000
1557.000000 0.000000
1558.000000 0.000000
1559.000000 0.000000
1560.000000 0.000000
1561.000000 0.000000
1562.000000 0.000000
1563.000000 0.000000
1564.000000 0.000000
1565.000000 0.000000
1566.000000 0.000000
1567.000000 0.000000
1568.000000 0.000000
1569.000000 0.000000
1570.000000 0.000000
1571.000000 0.000000
1572.000000 0.000000
1573.000000 0.000000
1574.000000 0.000000
1575.000000 0.000000
1576.000000 0.000000
1577.000000 0.000000
1578.000000 0.000000
1579.000000 0.000000
1580.000000 0.000000
1581.000000 0.000000
1582.000000 0.000000
1583.000000 0.000000
1584.000000 0.000000
1585.000000 0.000000
1586.000000 0.000000
1587.000000 0.000000
1588.000000 0.000000
1589.000000 0.000000
1590.000000 0.000000
1591.000000 0.000000
1592.000000 0.000000
1593.000000 0.000000
1594.000000 0.000000
1595.000000 0.000000
1596.000000 0.000000
1597.000000 0.000000
1598.000000 0.000000
1599.000000 0.000000
1600.000000 0.000000
1601.000000 0.000000
1602.000000 0.000000
1603.000000 0.000000
1604.000000 0.000000
1605.000000 0.000000
1606.000000 0.000000
1607.000000 0.000000
1608.000000 0.000000
1609.000000 0.000000
1610.000000 0.000000
1611.000000 0.000000
1612.000000 0.000000
1613.000000 0.000000
1614.000000 0.000000
1615.000000 0.000000
1616.000000 0.000000
1617.000000 0.000000
1618.000000 0.000000
1619.000000 0.000000
1620.000000 0.000000
1621.000000 0.000000
1622.000000 0.000000
1623.000000 0.000000
1624.000000 0.000000
1625.000000 0.000000
1626.000000 0.000000
1627.000000 0.000000
1628.000000 0.000000
1629.000000 0.000000
1630.000000 0.000000
1631.000000 0.000000
1632.000000 0.000000
1633.000000 0.000000
1634.000000 0.000000
1635.000000 0.000000
1636.000000 0.000000
1637.000000 0.000000
1638.000000 0.000000
1639.000000 0.000000
1640.000000 0.000000
1641.000000 0.000000
1642.000000 0.000000
1643.000000 0.000000
1644.000000 0.000000
1645.000000 0.000000
1646.000000 0.000000
1647.000000 0.000000
1648.000000 0.000000
1649.000000 0.000000
1650.000000 0.000000
1651.000000 0.000000
1652.000000 0.000000
1653.000000 0.000000
1654.000000 0.000000
1655.000000 0.000000
1656.000000 0.000000
1657.000000 0.000000
1658.000000 0.000000
1659.000000 0.000000
1660.000000 0.000000
1661.000000 0.000000
1662.000000 0.000000
1663.000000 0.000000
1664.000000 0.000000
1665.000000 0.000000
1666.000000 0.000000
1667.000000 0.000000
1668.000000 0.000000
1669.000000 0.000000
1670.000000 0.000000
1671.000000 0.000000
1672.000000 0.000000
1673.000000 0.000000
1674.000000 0.000000
1675.000000 0.000000
1676.000000 0.000000
1677.000000 0.000000
1678.000000 0.000000
1679.000000 0.000000
1680.000000 0.000000
1681.000000 0.000000
1682.000000 0.000000
1683.000000 0.000000
1684.000000 0.000000
1685.000000 0.000000
1686.000000 0.000000
1687.000000 0.000000
1688.000000 0.000000
1689.000000 0.000000
1690.000000 0.000000
1691.000000 0.000000
1692.000000 0.000000
1693.000000 0.000000
1694.000000 0.000000
1695.000000 0.000000
1696.000000 0.000000
1697.000000 0.000000
1698.000000 0.000000
1699.000000 0.000000
1700.000000 0.000000
1701.000000 0.000000
1702.000000 0.000000
1703.000000 0.000000
1704.000000 0.000000
1705.000000 0.000000
1706.000000 0.000000
1707.000000 0.000000
1708.000000 0.000000
1709.000000 0.000000
1710.000000 0.000000
1711.000000 0.000000
1712.000000 0.000000
1713.000000 0.000000
1714.000000 0.000000
1715.000000 0.000000
1716.000000 0.000000
1717.000000 0.000000
1718.000000 0.000000
1719.000000 0.000000
1720.000000 0.000000
1721.000000 0.000000
1722.000000 0.000000
1723.000000 0.000000
1724.000000 0.000000
1725.000000 0.000000
1726.000000 0.000000
1727.000000 0.000000
1728.000000 0.000000
1729.000000 0.000000
1730.000000 0.000000
1731.000000 0.000000
1732.000000 0.000000
1733.000000 0.000000
1734.000000 0.000000
1735.000000 0.000000
1736.000000 0.000000
1737.000000 0.000000
1738.000000 0.000000
1739.000000 0.000000
1740.000000 0.000000
1741.000000 0.000000
1742.000000 0.000000
1743.000000 0.000000
1744.000000 0.000000
1745.000000 0.000000
1746.000000 0.000000
1747.000000 0.000000
1748.000000 0.000000
1749.000000 0.000000
1750.000000 0.000000
1751.000000 0.000000
1752.000000 0.000000
1753.000000 0.000000
1754.000000 0.000000
1755.000000 0.000000
1756.000000 0.000000
1757.000000 0.000000
1758.000000 0.000000
1759.000000 0.000000
1760.000000 0.000000
1761.000000 0.000000
1762.000000 0.000000
1763.000000 0.000000
1764.000000 0.000000
1765.000000 0.000000
1766.000000 0.000000
1767.000000 0.000000
1768.000000 0.000000
1769.000000 0.000000
1770.000000 0.000000
1771.000000 0.000000
1772.000000 0.000000
1773.000000 0.000000
1774.000000 0.000000
1775.000000 0.000000
1776.000000 0.000000
1777.000000 0.000000
1778.000000 0.000000
1779.000000 0.000000
1780.000000 0.000000
1781.000000 0.000000
1782.000000 0.000000
1783.000000 0.000000
1784.000000 0.000000
1785.000000 0.000000
1786.000000 0.000000
1787.000000 0.000000
1788.000000 0.000000
1789.000000 0.000000
1790.000000 0.000000
1791.000000 0.000000
1792.000000 0.000000
1793.000000 0.000000
1794.000000 0.000000
1795.000000 0.000000
1796.000000 0.000000
1797.000000 0.000000
1798.000000 0.000000
1799.000000 0.000000
1800.000000 0.000000
1801.000000 0.000000
1802.000000 0.000000
1803.000000 0.000000
1804.000000 0.000000
1805.000000 0.000000
1806.000000 0.000000
1807.000000 0.000000
1808.000000 0.000000
1809.000000 0.000000
1810.000000 0.000000
1811.000000 0.000000
1812.000000 0.000000
1813.000000 0.000000
1814.000000 0.000000
1815.000000 0.000000
1816.000000 0.000000
1817.000000 0.000000
1818.000000 0.000000
1819.000000 0.000000
1820.000000 0.000000
1821.000000 0.000000
1822.000000 0.000000
1823.000000 0.000000
1824.000000 0.000000
1825.000000 0.000000
1826.000000 0.000000
1827.000000 0.000000
1828.000000 0.000000
1829.000000 0.000000
1830.000000 0.000000
1831.000000 0.000000
1832.000000 0.000000
1833.000000 0.000000
1834.000000 0.000000
1835.000000 0.000000
1836.000000 0.000000
1837.000000 0.000000
1838.000000 0.000000
1839.000000 0.000000
1840.000000 0.000000
1841.000000 0.000000
1842.000000 0.000000
1843.000000 0.000000
1844.000000 0.000000
1845.000000 0.000000
1846.000000 0.000000
1847.000000 0.000000
1848.000000 0.000000
1849.000000 0.000000
1850.000000 0.000000
1851.000000 0.000000
1852.000000 0.000000
1853.000000 0.000000
1854.000000 0.000000
1855.000000 0.000000
1856.000000 0.000000
1857.000000 0.000000
1858.000000 0.000000
1859.000000 0.000000
1860.000000 0.000000
1861.000000 0.000000
1862.000000 0.000000
1863.000000 0.000000
1864.000000 0.000000
1865.000000 0.000000
1866.000000 0.000000
1867.000000 0.000000
1868.000000 0.000000
1869.000000 0.000000
1870.000000 0.000000
1871.000000 0.000000
1872.000000 0.000000
1873.000000 0.000000
1874.000000 0.000000
1875.000000 0.000000
1876.000000 0.000000
1877.000000 0.000000
1878.000000 0.000000
1879.000000 0.000000
1880.000000 0.000000
1881.000000 0.000000
1882.000000 0.000000
1883.000000 0.000000
1884.000000 0.000000
1885.000000 0.000000
1886.000000 0.000000
1887.000000 0.000000
1888.000000 0.000000
1889.000000 0.000000
1890.000000 0.000000
1891.000000 0.000000
1892.000000 0.000000
1893.000000 0.000000
1894.000000 0.000000
1895.000000 0.000000
1896.000000 0.000000
1897.000000 0.000000
1898.000000 0.000000
1899.000000 0.000000
1900.000000 0.000000
1901.000000 0.000000
1902.000000 0.000000
1903.000000 0.000000
1904.000000 0.000000
1905.000000 0.000000
1906.000000 0.000000
1907.000000 0.000000
1908.000000 0.000000
1909.000000 0.000000
1910.000000 0.000000
1911.000000 0.000000
1912.000000 0.000000
1913.000000 0.000000
1914.000000 0.000000
1915.000000 0.000000
1916.000000 0.000000
1917.000000 0.000000
1918.000000 0.000000
1919.000000 0.000000
1920.000000 0.000000
1921.000000 0.000000
1922.000000 0.000000
1923.000000 0.000000
1924.000000 0.000000
1925.000000 0.000000
1926.000000 0.000000
1927.000000 0.000000
1928.000000 0.000000
1929.000000 0.000000
1930.000000 0.000000
1931.000000 0.000000
1932.000000 0.000000
1933.000000 0.000000
1934.000000 0.000000
1935.000000 0.000000
1936.000000 0.000000
1937.000000 0.000000
1938.000000 0.000000
1939.000000 0.000000
1940.000000 0.000000
1941.000000 0.000000
1942.000000 0.000000
1943.000000 0.000000
1944.000000 0.000000
1945.000000 0.000000
1946.000000 0.000000
1947.000000 0.000000
1948.000000 0.000000
1949.000000 0.000000
1950.000000 0.000000
1951.000000 0.000000
1952.000000 0.000000
1953.000000 0.000000
1954.000000 0.000000
1955.000000 0.000000
1956.000000 0.000000
1957.000000 0.000000
1958.000000 0.000000
1959.000000 0.000000
1960.000000 0.000000
1961.000000 0.000000
1962.000000 0.000000
1963.000000 0.000000
1964.000000 0.000000
1965.000000 0.000000
1966.000000 0.000000
1967.000000 0.000000
1968.000000 0.000000
1969.000000 0.000000
1970.000000 0.000000
1971.000000 0.000000
1972.000000 0.000000
1973.000000 0.000000
1974.000000 0.000000
1975.000000 0.000000
1976.000000 0.000000
1977.000000 0.000000
1978.000000 0.000000
1979.000000 0.000000
1980.000000 0.000000
1981.000000 0.000000
1982.000000 0.000000
1983.000000 0.000000
1984.000000 0.000000
1985.000000 0.000000
1986.000000 0.000000
1987.000000 0.000000
1988.000000 0.000000
1989.000000 0.000000
1990.000000 0.000000
1991.000000 0.000000
1992.000000 0.000000
1993.000000 0.000000
1994.000000 0.000000
1995.000000 0.000000
1996.000000 0.000000
1997.000000 0.000000
1998.000000 0.000000
1999.000000 0.000000
2000.000000 0.000000
2001.000000 0.000000
2002.000000 0.000000
2003.000000 0.000000
2004.000000 0.000000
2005.000000 0.000000
2006.000000 0.000000
2007.000000 0.000000
2008.000000 0.000000
2009.000000 0.000000
2010.000000 0.000000
2011.000000 0.000000
2012.000000 0.000000
2013.000000 0.000000
2014.000000 0.000000
2015.000000 0.000000
2016.000000 0.000000
2017.000000 0.000000
2018.000000 0.000000
2019.000000 0.000000
2020.000000 0.000000
2021.000000 0.000000
2022.000000 0.000000
2023.000000 0.000000
2024.000000 0.000000
2025.000000 0.000000
2026.000000 0.000000
2027.000000 0.000000
2028.000000 0.000000
2029.000000 0.000000
2030.000000 0.000000
2031.000000 0.000000
2032.000000 0.000000
2033.000000 0.000000
2034.000000 0.000000
2035.000000 0.000000
2036.000000 0.000000
2037.000000 0.000000
2038.000000 0.000000
2039.000000 0.000000
2040.000000 0.000000
2041.000000 0.000000
2042.000000 0.000000
2043.000000 0.000000
2044.000000 0.000000
2045.000000 0.000000
2046.000000 0.000000
2047.000000 0.000000
2048.000000 0.000000
2049.000000 0.000000
2050.000000 0.000000
2051.000000 0.000000
2052.000000 0.000000
2053.000000 0.000000
2054.000000 0.000000
2055.000000 0.000000
2056.000000 0.000000
2057.000000 0.000000
2058.000000 0.000000
2059.000000 0.000000
2060.000000 0.000000
2061.000000 0.000000
2062.000000 0.000000
2063.000000 0.000000
2064.000000 0.000000
2065.000000 0.000000
2066.000000 0.000000
2067.000000 0.000000
2068.000000 0.000000
2069.000000 0.000000
2070.000000 0.000000
2071.000000 0.000000
2072.000000 0.000000
2073.000000 0.000000
2074.000000 0.000000
2075.000000 0.000000
2076.000000 0.000000
2077.000000 0.000000
2078.000000 0.000000
2079.000000 0.000000
2080.000000 0.000000
2081.000000 0.000000
2082.000000 0.000000
2083.000000 0.000000
2084.000000 0.000000
2085.000000 0.000000
2086.000000 0.000000
2087.000000 0.000000
2088.000000 0.000000
2089.000000 0.000000
2090.000000 0.000000
2091.000000 0.000000
2092.000000 0.000000
2093.000000 0.000000
2094.000000 0.000000
2095.000000 0.000000
2096.000000 0.000000
2097.000000 0.000000
2098.000000 0.000000
2099.000000 0.000000
2100.000000 0.000000
2101.000000 0.000000
2102.000000 0.000000
2103.000000 0.000000
2104.000000 0.000000
2105.000000 0.000000
2106.000000 0.000000
2107.000000 0.000000
2108.000000 0.000000
2109.000000 0.000000
2110.000000 0.000000
2111.000000 0.000000
2112.000000 0.000000
2113.000000 0.000000
2114.000000 0.000000
2115.000000 0.000000
2116.000000 0.000000
2117.000000 0.000000
2118.000000 0.000000
2119.000000 0.000000
2120.000000 0.000000
2121.000000 0.000000
2122.000000 0.000000
2123.000000 0.000000
2124.000000 0.000000
2125.000000 0.000000
2126.000000 0.000000
2127.000000 0.000000
2128.000000 0.000000
2129.000000 0.000000
2130.000000 0.000000
2131.000000 0.000000
2132.000000 0.000000
2133.000000 0.000000
2134.000000 0.000000
2135.000000 0.000000
2136.000000 0.000000
2137.000000 0.000000
2138.000000 0.000000
2139.000000 0.000000
2140.000000 0.000000
2141.000000 0.000000
2142.000000 0.000000
2143.000000 0.000000
2144.000000 0.000000
2145.000000 0.000000
2146.000000 0.000000
2147.000000 0.000000
2148.000000 0.000000
2149.000000 0.000000
2150.000000 0.000000
2151.000000 0.000000
2152.000000 0.000000
2153.000000 0.000000
2154.000000 0.000000
2155.000000 0.000000
2156.000000 0.000000
2157.000000 0.000000
2158.000000 0.000000
2159.000000 0.000000
2160.000000 0.000000
2161.000000 0.000000
2162.000000 0.000000
2163.000000 0.000000
2164.000000 0.000000
2165.000000 0.000000
2166.000000 0.000000
2167.000000 0.000000
2168.000000 0.000000
2169.000000 0.000000
2170.000000 0.000000
2171.000000 0.000000
2172.000000 0.000000
2173.000000 0.000000
2174.000000 0.000000
2175.000000 0.000000
2176.000000 0.000000
2177.000000 0.000000
2178.000000 0.000000
2179.000000 0.000000
2180.000000 0.000000
2181.000000 0.000000
2182.000000 0.000000
2183.000000 0.000000
2184.000000 0.000000
2185.000000 0.000000
2186.000000 0.000000
2187.000000 0.000000
2188.000000 0.000000
2189.000000 0.000000
2190.000000 0.000000
2191.000000 0.000000
2192.000000 0.000000
2193.000000 0.000000
2194.000000 0.000000
2195.000000 0.000000
2196.000000 0.000000
2197.000000 0.000000
2198.000000 0.000000
2199.000000 0.000000
2200.000000 0.000000
2201.000000 0.000000
2202.000000 0.000000
2203.000000 0.000000
2204.000000 0.000000
2205.000000 0.000000
2206.000000 0.000000
2207.000000 0.000000
2208.000000 0.000000
2209.000000 0.000000
2210.000000 0.000000
2211.000000 0.000000
2212.000000 0.000000
2213.000000 0.000000
2214.000000 0.000000
2215.000000 0.000000
2216.000000 0.000000
2217.000000 0.000000
2218.000000 0.000000
2219.000000 0.000000
2220.000000 0.000000
2221.000000 0.000000
2222.000000 0.000000
2223.000000 0.000000
2224.000000 0.000000
2225.000000 0.000000
2226.000000 0.000000
2227.000000 0.000000
2228.000000 0.000000
2229.000000 0.000000
2230.000000 0.000000
2231.000000 0.000000
2232.000000 0.000000
2233.000000 0.000000
2234.000000 0.000000
2235.000000 0.000000
2236.000000 0.000000
2237.000000 0.000000
2238.000000 0.000000
2239.000000 0.000000
2240.000000 0.000000
2241.000000 0.000000
2242.000000 0.000000
2243.000000 0.000000
2244.000000 0.000000
2245.000000 0.000000
2246.000000 0.000000
2247.000000 0.000000
2248.000000 0.000000
2249.000000 0.000000
2250.000000 0.000000
2251.000000 0.000000
2252.000000 0.000000
2253.000000 0.000000
2254.000000 0.000000
2255.000000 0.000000
2256.000000 0.000000
2257.000000 0.000000
2258.000000 0.000000
2259.000000 0.000000
2260.000000 0.000000
2261.000000 0.000000
2262.000000 0.000000
2263.000000 0.000000
2264.000000 0.000000
2265.000000 0.000000
2266.000000 0.000000
2267.000000 0.000000
2268.000000 0.000000
2269.000000 0.000000
2270.000000 0.000000
2271.000000 0.000000
2272.000000 0.000000
2273.000000 0.000000
2274.000000 0.000000
2275.000000 0.000000
2276.000000 0.000000
2277.000000 0.000000
2278.000000 0.000000
2279.000000 0.000000
2280.000000 0.000000
2281.000000 0.000000
2282.000000 0.000000
2283.000000 0.000000
2284.000000 0.000000
2285.000000 0.000000
2286.000000 0.000000
2287.000000 0.000000
2288.000000 0.000000
2289.000000 0.000000
2290.000000 0.000000
2291.000000 0.000000
2292.000000 0.000000
2293.000000 0.000000
2294.000000 0.000000
2295.000000 0.000000
2296.000000 0.000000
2297.000000 0.000000
2298.000000 0.000000
2299.000000 0.000000
2300.000000 0.000000
2301.000000 0.000000
2302.000000 0.000000
2303.000000 0.000000
2304.000000 0.000000
2305.000000 0.000000
2306.000000 0.000000
2307.000000 0.000000
2308.000000 0.000000
2309.000000 0.000000
2310.000000 0.000000
2311.000000 0.000000
2312.000000 0.000000
2313.000000 0.000000
2314.000000 0.000000
2315.000000 0.000000
2316.000000 0.000000
2317.000000 0.000000
2318.000000 0.000000
2319.000000 0.000000
2320.000000 0.000000
2321.000000 0.000000
2322.000000 0.000000
2323.000000 0.000000
2324.000000 0.000000
2325.000000 0.000000
2326.000000 0.000000
2327.000000 0.000000
2328.000000 0.000000
2329.000000 0.000000
2330.000000 0.000000
2331.000000 0.000000
2332.000000 0.000000
2333.000000 0.000000
2334.000000 0.000000
2335.000000 0.000000
2336.000000 0.000000
2337.000000 0.000000
2338.000000 0.000000
2339.000000 0.000000
2340.000000 0.000000
2341.000000 0.000000
2342.000000 0.000000
2343.000000 0.000000
2344.000000 0.000000
2345.000000 0.000000
2346.000000 0.000000
2347.000000 0.000000
2348.000000 0.000000
2349.000000 0.000000
2350.000000 0.000000
2351.000000 0.000000
2352.000000 0.000000
2353.000000 0.000000
2354.000000 0.000000
2355.000000 0.000000
2356.000000 0.000000
2357.000000 0.000000
2358.000000 0.000000
2359.000000 0.000000
2360.000000 0.000000
2361.000000 0.000000
2362.000000 0.000000
2363.000000 0.000000
2364.000000 0.000000
2365.000000 0.000000
2366.000000 0.000000
2367.000000 0.000000
2368.000000 0.000000
2369.000000 0.000000
2370.000000 0.000000
2371.000000 0.000000
2372.000000 0.000000
2373.000000 0.000000
2374.000000 0.000000
2375.000000 0.000000
2376.000000 0.000000
2377.000000 0.000000
2378.000000 0.000000
2379.000000 0.000000
2380.000000 0.000000
2381.000000 0.000000
2382.000000 0.000000
2383.000000 0.000000
2384.000000 0.000000
2385.000000 0.000000
2386.000000 0.000000
2387.000000 0.000000
2388.000000 0.000000
2389.000000 0.000000
2390.000000 0.000000
2391.000000 0.000000
2392.000000 0.000000
2393.000000 0.000000
2394.000000 0.000000
2395.000000 0.000000
2396.000000 0.000000
2397.000000 0.000000
2398.000000 0.000000
2399.000000 0.000000
2400.000000 0.000000
2401.000000 0.000000
2402.000000 0.000000
2403.000000 0.000000
2404.000000 0.000000
2405.000000 0.000000
2406.000000 0.000000
2407.000000 0.000000
2408.000000 0.000000
2409.000000 0.000000
2410.000000 0.000000
2411.000000 0.000000
2412.000000 0.000000
2413.000000 0.000000
2414.000000 0.000000
2415.000000 0.000000
2416.000000 0.000000
2417.000000 0.000000
2418.000000 0.000000
2419.000000 0.000000
2420.000000 0.000000
2421.000000 0.000000
2422.000000 0.000000
2423.000000 0.000000
2424.000000 0.000000
2425.000000 0.000000
2426.000000 0.000000
2427.000000 0.000000
2428.000000 0.000000
2429.000000 0.000000
2430.000000 0.000000
2431.000000 0.000000
2432.000000 0.000000
2433.000000 0.000000
2434.000000 0.000000
2435.000000 0.000000
2436.000000 0.000000
2437.000000 0.000000
2438.000000 0.000000
2439.000000 0.000000
2440.000000 0.000000
2441.000000 0.000000
2442.000000 0.000000
2443.000000 0.000000
2444.000000 0.000000
2445.000000 0.000000
2446.000000 0.000000
2447.000000 0.000000
2448.000000 0.000000
2449.000000 0.000000
2450.000000 0.000000
2451.000000 0.000000
2452.000000 0.000000
2453.000000 0.000000
2454.000000 0.000000
2455.000000 0.000000
2456.000000 0.000000
2457.000000 0.000000
2458.000000 0.000000
2459.000000 0.000000
2460.000000 0.000000
2461.000000 0.000000
2462.000000 0.000000
2463.000000 0.000000
2464.000000 0.000000
2465.000000 0.000000
2466.000000 0.000000
2467.000000 0.000000
2468.000000 0.000000
2469.000000 0.000000
2470.000000 0.000000
2471.000000 0.000000
2472.000000 0.000000
2473.000000 0.000000
2474.000000 0.000000
2475.000000 0.000000
2476.000000 0.000000
2477.000000 0.000000
2478.000000 0.000000
2479.000000 0.000000
2480.000000 0.000000
2481.000000 0.000000
2482.000000 0.000000
2483.000000 0.000000
2484.000000 0.000000
2485.000000 0.000000
2486.000000 0.000000
2487.000000 0.000000
2488.000000 0.000000
2489.000000 0.000000
2490.000000 0.000000
2491.000000 0.000000
2492.000000 0.000000
2493.000000 0.000000
2494.000000 0.000000
2495.000000 0.000000
2496.000000 0.000000
2497.000000 0.000000
2498.000000 0.000000
2499.000000 0.000000
2500.000000 0.000000
2501.000000 0.000000
2502.000000 0.000000
2503.000000 0.000000
2504.000000 0.000000
2505.000000 0.000000
2506.000000 0.000000
2507.000000 0.000000
2508.000000 0.000000
2509.000000 0.000000
2510.000000 0.000000
2511.000000 0.000000
2512.000000 0.000000
2513.000000 0.000000
2514.000000 0.000000
2515.000000 0.000000
2516.000000 0.000000
2517.000000 0.000000
2518.000000 0.000000
2519.000000 0.000000
2520.000000 0.000000
2521.000000 0.000000
2522.000000 0.000000
2523.000000 0.000000
2524.000000 0.000000
2525.000000 0.000000
2526.000000 0.000000
2527.000000 0.000000
2528.000000 0.000000
2529.000000 0.000000
2530.000000 0.000000
2531.000000 0.000000
2532.000000 0.000000
2533.000000 0.000000
2534.000000 0.000000
2535.000000 0.000000
2536.000000 0.000000
2537.000000 0.000000
2538.000000 0.000000
2539.000000 0.000000
2540.000000 0.000000
2541.000000 0.000000
2542.000000 0.000000
2543.000000 0.000000
2544.000000 0.000000
2545.000000 0.000000
2546.000000 0.000000
2547.000000 0.000000
2548.000000 0.000000
2549.000000 0.000000
2550.000000 0.000000
2551.000000 0.000000
2552.000000 0.000000
2553.000000 0.000000
2554.000000 0.000000
2555.000000 0.000000
2556.000000 0.000000
2557.000000 0.000000
2558.000000 0.000000
2559.000000 0.000000
2560.000000 0.000000
2561.000000 0.000000
2562.000000 0.000000
2563.000000 0.000000
2564.000000 0.000000
2565.000000 0.000000
2566.000000 0.000000
2567.000000 0.000000
2568.000000 0.000000
2569.000000 0.000000
2570.000000 0.000000
2571.000000 0.000000
2572.000000 0.000000
2573.000000 0.000000
2574.000000 0.000000
2575.000000 0.000000
2576.000000 0.000000
2577.000000 0.000000
2578.000000 0.000000
2579.000000 0.000000
2580.000000 0.000000
2581.000000 0.000000
2582.000000 0.000000
2583.000000 0.000000
2584.000000 0.000000
2585.000000 0.000000
2586.000000 0.000000
2587.000000 0.000000
2588.000000 0.000000
2589.000000 0.000000
2590.000000 0.000000
2591.000000 0.000000
2592.000000 0.000000
2593.000000 0.000000
2594.000000 0.000000
2595.000000 0.000000
2596.000000 0.000000
2597.000000 0.000000
2598.000000 0.000000
2599.000000 0.000000
2600.000000 0.000000
2601.000000 0.000000
2602.000000 0.000000
2603.000000 0.000000
2604.000000 0.000000
2605.000000 0.000000
2606.000000 0.000000
2607.000000 0.000000
2608.000000 0.000000
2609.000000 0.000000
2610.000000 0.000000
2611.000000 0.000000
2612.000000 0.000000
2613.000000 0.000000
2614.000000 0.000000
2615.000000 0.000000
2616.000000 0.000000
2617.000000 0.000000
2618.000000 0.000000
2619.000000 0.000000
2620.000000 0.000000
2621.000000 0.000000
2622.000000 0.000000
2623.000000 0.000000
2624.000000 0.000000
2625.000000 0.000000
2626.000000 0.000000
2627.000000 0.000000
2628.000000 0.000000
2629.000000 0.000000
2630.000000 0.000000
2631.000000 0.000000
2632.000000 0.000000
2633.000000 0.000000
2634.000000 0.000000
2635.000000 0.000000
2636.000000 0.000000
2637.000000 0.000000
2638.000000 0.000000
2639.000000 0.000000
2640.000000 0.000000
2641.000000 0.000000
2642.000000 0.000000
2643.000000 0.000000
2644.000000 0.000000
2645.000000 0.000000
2646.000000 0.000000
2647.000000 0.000000
2648.000000 0.000000
2649.000000 0.000000
2650.000000 0.000000
2651.000000 0.000000
2652.000000 0.000000
2653.000000 0.000000
2654.000000 0.000000
2655.000000 0.000000
2656.000000 0.000000
2657.000000 0.000000
2658.000000 0.000000
2659.000000 0.000000
2660.000000 0.000000
2661.000000 0.000000
2662.000000 0.000000
2663.000000 0.000000
2664.000000 0.000000
2665.000000 0.000000
2666.000000 0.000000
2667.000000 0.000000
2668.000000 0.000000
2669.000000 0.000000
2670.000000 0.000000
2671.000000 0.000000
2672.000000 0.000000
2673.000000 0.000000
2674.000000 0.000000
2675.000000 0.000000
2676.000000 0.000000
2677.000000 0.000000
2678.000000 0.000000
2679.000000 0.000000
2680.000000 0.000000
2681.000000 0.000000
2682.000000 0.000000
2683.000000 0.000000
2684.000000 0.000000
2685.000000 0.000000
2686.000000 0.000000
2687.000000 0.000000
2688.000000 0.000000
2689.000000 0.000000
2690.000000 0.000000
2691.000000 0.000000
2692.000000 0.000000
2693.000000 0.000000
2694.000000 0.000000
2695.000000 0.000000
2696.000000 0.000000
2697.000000 0.000000
2698.000000 0.000000
2699.000000 0.000000
2700.000000 0.000000
2701.000000 0.000000
2702.000000 0.000000
2703.000000 0.000000
2704.000000 0.000000
2705.000000 0.000000
2706.000000 0.000000
2707.000000 0.000000
2708.000000 0.000000
2709.000000 0.000000
2710.000000 0.000000
2711.000000 0.000000
2712.000000 0.000000
2713.000000 0.000000
2714.000000 0.000000
2715.000000 0.000000
2716.000000 0.000000
2717.000000 0.000000
2718.000000 0.000000
2719.000000 0.000000
2720.000000 0.000000
2721.000000 0.000000
2722.000000 0.000000
2723.000000 0.000000
2724.000000 0.000000
2725.000000 0.000000
2726.000000 0.000000
2727.000000 0.000000
2728.000000 0.000000
2729.000000 0.000000
2730.000000 0.000000
2731.000000 0.000000
2732.000000 0.000000
2733.000000 0.000000
2734.000000 0.000000
2735.000000 0.000000
2736.000000 0.000000
2737.000000 0.000000
2738.000000 0.000000
2739.000000 0.000000
2740.000000 0.000000
2741.000000 0.000000
2742.000000 0.000000
2743.000000 0.000000
2744.000000 0.000000
2745.000000 0.000000
2746.000000 0.000000
2747.000000 0.000000
2748.000000 0.000000
2749.000000 0.000000
2750.000000 0.000000
2751.000000 0.000000
2752.000000 0.000000
2753.000000 0.000000
2754.000000 0.000000
2755.000000 0.000000
2756.000000 0.000000
2757.000000 0.000000
2758.000000 0.000000
2759.000000 0.000000
2760.000000 0.000000
2761.000000 0.000000
2762.000000 0.000000
2763.000000 0.000000
2764.000000 0.000000
2765.000000 0.000000
2766.000000 0.000000
2767.000000 0.000000
2768.000000 0.000000
2769.000000 0.000000
2770.000000 0.000000
2771.000000 0.000000
2772.000000 0.000000
2773.000000 0.000000
2774.000000 0.000000
2775.000000 0.000000
2776.000000 0.000000
2777.000000 0.000000
2778.000000 0.000000
2779.000000 0.000000
2780.000000 0.000000
2781.000000 0.000000
2782.000000 0.000000
2783.000000 0.000000
2784.000000 0.000000
2785.000000 0.000000
2786.000000 0.000000
2787.000000 0.000000
2788.000000 0.000000
2789.000000 0.000000
2790.000000 0.000000
2791.000000 0.000000
2792.000000 0.000000
2793.000000 0.000000
2794.000000 0.000000
2795.000000 0.000000
2796.000000 0.000000
2797.000000 0.000000
2798.000000 0.000000
2799.000000 0.000000
2800.000000 0.000000
2801.000000 0.000000
2802.000000 0.000000
2803.000000 0.000000
2804.000000 0.000000
2805.000000 0.000000
2806.000000 0.000000
2807.000000 0.000000
2808.000000 0.000000
2809.000000 0.000000
2810.000000 0.000000
2811.000000 0.000000
2812.000000 0.000000
2813.000000 0.000000
2814.000000 0.000000
2815.000000 0.000000
2816.000000 0.000000
2817.000000 0.000000
2818.000000 0.000000
2819.000000 0.000000
2820.000000 0.000000
2821.000000 0.000000
2822.000000 0.000000
2823.000000 0.000000
2824.000000 0.000000
2825.000000 0.000000
2826.000000 0.000000
2827.000000 0.000000
2828.000000 0.000000
2829.000000 0.000000
2830.000000 0.000000
2831.000000 0.000000
2832.000000 0.000000
2833.000000 0.000000
2834.000000 0.000000
2835.000000 0.000000
2836.000000 0.000000
2837.000000 0.000000
2838.000000 0.000000
2839.000000 0.000000
2840.000000 0.000000
2841.000000 0.000000
2842.000000 0.000000
2843.000000 0.000000
2844.000000 0.000000
2845.000000 0.000000
2846.000000 0.000000
2847.000000 0.000000
2848.000000 0.000000
2849.000000 0.000000
2850.000000 0.000000
2851.000000 0.000000
2852.000000 0.000000
2853.000000 0.000000
2854.000000 0.000000
2855.000000 0.000000
2856.000000 0.000000
2857.000000 0.000000
2858.000000 0.000000
2859.000000 0.000000
2860.000000 0.000000
2861.000000 0.000000
2862.000000 0.000000
2863.000000 0.000000
2864.000000 0.000000
2865.000000 0.000000
2866.000000 0.000000
2867.000000 0.000000
2868.000000 0.000000
2869.000000 0.000000
2870.000000 0.000000
2871.000000 0.000000
2872.000000 0.000000
2873.000000 0.000000
2874.000000 0.000000
2875.000000 0.000000
2876.000000 0.000000
2877.000000 0.000000
2878.000000 0.000000
2879.000000 0.000000
2880.000000 0.000000
2881.000000 0.000000
2882.000000 0.000000
2883.000000 0.000000
2884.000000 0.000000
2885.000000 0.000000
2886.000000 0.000000
2887.000000 0.000000
2888.000000 0.000000
2889.000000 0.000000
2890.000000 0.000000
2891.000000 0.000000
2892.000000 0.000000
2893.000000 0.000000
2894.000000 0.000000
2895.000000 0.000000
2896.000000 0.000000
2897.000000 0.000000
2898.000000 0.000000
2899.000000 0.000000
2900.000000 0.000000
2901.000000 0.000000
2902.000000 0.000000
2903.000000 0.000000
2904.000000 0.000000
2905.000000 0.000000
2906.000000 0.000000
2907.000000 0.000000
2908.000000 0.000000
2909.000000 0.000000
2910.000000 0.000000
2911.000000 0.000000
2912.000000 0.000000
2913.000000 0.000000
2914.000000 0.000000
2915.000000 0.000000
2916.000000 0.000000
2917.000000 0.000000
2918.000000 0.000000
2919.000000 0.000000
2920.000000 0.000000
2921.000000 0.000000
2922.000000 0.000000
2923.000000 0.000000
2924.000000 0.000000
2925.000000 0.000000
2926.000000 0.000000
2927.000000 0.000000
2928.000000 0.000000
2929.000000 0.000000
2930.000000 0.000000
2931.000000 0.000000
2932.000000 0.000000
2933.000000 0.000000
2934.000000 0.000000
2935.000000 0.000000
2936.000000 0.000000
2937.000000 0.000000
2938.000000 0.000000
2939.000000 0.000000
2940.000000 0.000000
2941.000000 0.000000
2942.000000 0.000000
2943.000000 0.000000
2944.000000 0.000000
2945.000000 0.000000
2946.000000 0.000000
2947.000000 0.000000
2948.000000 0.000000
2949.000000 0.000000
2950.000000 0.000000
2951.000000 0.000000
2952.000000 0.000000
2953.000000 0.000000
2954.000000 0.000000
2955.000000 0.000000
2956.000000 0.000000
2957.000000 0.000000
2958.000000 0.000000
2959.000000 0.000000
2960.000000 0.000000
2961.000000 0.000000
2962.000000 0.000000
2963.000000 0.000000
2964.000000 0.000000
2965.000000 0.000000
2966.000000 0.000000
2967.000000 0.000000
2968.000000 0.000000
2969.000000 0.000000
2970.000000 0.000000
2971.000000 0.000000
2972.000000 0.000000
2973.000000 0.000000
2974.000000 0.000000
2975.000000 0.000000
2976.000000 0.000000
2977.000000 0.000000
2978.000000 0.000000
2979.000000 0.000000
2980.000000 0.000000
2981.000000 0.000000
2982.000000 0.000000
2983.000000 0.000000
2984.000000 0.000000
2985.000000 0.000000
2986.000000 0.000000
2987.000000 0.000000
2988.000000 0.000000
2989.000000 0.000000
2990.000000 0.000000
2991.000000 0.000000
2992.000000 0.000000
2993.000000 0.000000
2994.000000 0.000000
2995.000000 0.000000
2996.000000 0.000000
2997.000000 0.000000
2998.000000 0.000000
2999.000000 0.000000
