0.000000 25.000000
1.000000 25.000000
2.000000 57.329688
3.000000 50.214063
4.000000 50.523438
5.000000 50.832813
6.000000 51.142188
7.000000 51.451563
8.000000 51.760938
9.000000 51.208187
10.000000 51.707313
11.000000 52.008437
12.000000 52.309562
13.000000 52.610687
14.000000 52.049688
15.000000 51.678438
16.000000 52.161063
17.000000 51.439875
18.000000 51.083750
19.000000 50.686375
20.000000 50.280750
21.000000 49.723188
22.000000 49.332688
23.000000 48.900938
24.000000 47.455125
25.000000 47.228250
26.000000 45.900000
27.000000 45.471688
28.000000 45.012438
29.000000 43.649813
30.000000 43.187125
31.000000 41.831375
32.000000 40.480438
33.000000 40.150438
34.000000 38.719063
35.000000 38.187625
36.000000 37.625250
37.000000 36.159500
38.000000 35.593688
39.000000 34.996938
40.000000 34.358938
41.000000 33.712688
42.000000 32.052375
43.000000 32.473125
44.000000 31.602750
45.000000 30.922125
46.000000 30.089563
47.000000 29.424063
48.000000 28.717313
49.000000 28.002313
50.000000 27.135375
51.000000 27.297625
52.000000 26.366750
53.000000 26.487750
54.000000 26.410750
55.000000 25.471625
56.000000 25.584375
57.000000 25.499125
58.000000 25.413875
59.000000 25.328625
60.000000 25.243375
61.000000 25.158125
62.000000 25.072875
63.000000 24.987625
64.000000 24.902375
65.000000 24.817125
66.000000 25.594000
67.000000 25.319000
68.000000 25.242000
69.000000 25.165000
70.000000 25.088000
71.000000 25.873125
72.000000 25.606375
73.000000 25.537625
74.000000 26.474688
75.000000 26.184563
76.000000 26.987563
77.000000 26.738688
78.000000 27.549937
79.000000 27.309313
80.000000 28.128813
81.000000 28.902250
82.000000 28.646500
83.000000 29.483875
84.000000 30.131500
85.000000 29.925250
86.000000 29.917000
87.000000 30.770875
88.000000 30.572875
89.000000 30.572875
90.000000 30.572875
91.000000 31.578688
92.000000 31.357313
93.000000 31.366938
94.000000 31.376563
95.000000 32.248313
96.000000 32.068188
97.000000 32.086063
98.000000 32.103938
99.000000 32.983937
100.000000 32.812063
101.000000 32.838188
102.000000 32.864313
103.000000 32.890438
104.000000 32.916563
105.000000 33.804813
106.000000 33.641188
107.000000 33.675563
108.000000 33.709938
109.000000 33.744313
110.000000 33.778688
111.000000 33.813063
112.000000 33.847438
113.000000 33.881813
114.000000 33.916188
115.000000 33.950563
116.000000 33.984938
117.000000 34.019313
118.000000 33.191562
119.000000 33.415687
120.000000 33.441812
121.000000 33.467937
122.000000 33.494062
123.000000 33.520187
124.000000 32.684188
125.000000 32.900063
126.000000 32.917938
127.000000 32.935813
128.000000 32.091563
129.000000 32.299188
130.000000 32.308813
131.000000 32.318438
132.000000 31.322250
133.000000 31.553250
134.000000 31.553250
135.000000 31.553250
136.000000 31.553250
137.000000 31.553250
138.000000 31.553250
139.000000 31.553250
140.000000 31.553250
141.000000 31.553250
142.000000 31.553250
143.000000 30.691125
144.000000 30.880875
145.000000 30.872625
146.000000 30.864375
147.000000 30.856125
148.000000 30.847875
149.000000 30.839625
150.000000 30.831375
151.000000 30.823125
152.000000 30.814875
153.000000 30.806625
154.000000 30.798375
155.000000 30.790125
156.000000 30.781875
157.000000 30.773625
158.000000 30.765375
159.000000 30.757125
160.000000 30.748875
161.000000 30.740625
162.000000 30.732375
163.000000 30.724125
164.000000 30.715875
165.000000 30.707625
166.000000 30.699375
167.000000 30.691125
168.000000 30.682875
169.000000 30.674625
170.000000 30.666375
171.000000 30.658125
172.000000 30.649875
173.000000 30.641625
174.000000 30.633375
175.000000 30.625125
176.000000 30.616875
177.000000 30.608625
178.000000 30.600375
179.000000 30.592125
180.000000 30.583875
181.000000 30.575625
182.000000 30.567375
183.000000 30.559125
184.000000 30.550875
185.000000 30.542625
186.000000 30.534375
187.000000 30.526125
188.000000 30.517875
189.000000 30.509625
190.000000 30.501375
191.000000 30.493125
192.000000 30.484875
193.000000 30.476625
194.000000 30.468375
195.000000 30.460125
196.000000 30.451875
197.000000 30.443625
198.000000 31.297500
199.000000 31.099500
200.000000 31.099500
201.000000 31.099500
202.000000 31.099500
203.000000 31.099500
204.000000 31.099500
205.000000 31.099500
206.000000 31.099500
207.000000 31.099500
208.000000 31.099500
209.000000 31.099500
210.000000 31.099500
211.000000 31.099500
212.000000 31.099500
213.000000 31.099500
214.000000 31.099500
215.000000 31.099500
216.000000 31.099500
217.000000 31.099500
218.000000 31.099500
219.000000 31.099500
220.000000 31.099500
221.000000 30.237375
222.000000 30.427125
223.000000 31.281000
224.000000 31.083000
225.000000 31.083000
226.000000 32.088813
227.000000 31.867438
228.000000 31.877063
229.000000 31.886688
230.000000 31.896313
231.000000 31.905938
232.000000 31.915563
233.000000 31.925188
234.000000 31.934813
235.000000 32.806563
236.000000 32.626438
237.000000 32.644313
238.000000 32.662188
239.000000 32.680063
240.000000 32.697938
241.000000 32.715813
242.000000 32.733688
243.000000 32.751563
244.000000 32.769438
245.000000 32.787313
246.000000 31.943063
247.000000 33.012813
248.000000 31.970563
249.000000 33.040313
250.000000 32.860188
251.000000 32.878063
252.000000 32.895938
253.000000 32.913813
254.000000 32.069563
255.000000 32.277188
256.000000 32.286813
257.000000 32.296438
258.000000 32.306063
259.000000 32.315688
260.000000 31.319500
261.000000 31.550500
262.000000 31.550500
263.000000 31.550500
264.000000 31.550500
265.000000 30.688375
266.000000 30.878125
267.000000 30.869875
268.000000 30.861625
269.000000 30.853375
270.000000 30.845125
271.000000 29.974750
272.000000 30.156250
273.000000 30.139750
274.000000 30.123250
275.000000 30.106750
276.000000 30.090250
277.000000 30.073750
278.000000 30.057250
279.000000 30.040750
280.000000 30.886375
281.000000 30.680125
282.000000 31.534000
283.000000 31.336000
284.000000 31.336000
285.000000 31.336000
286.000000 31.336000
287.000000 31.336000
288.000000 31.336000
289.000000 31.336000
290.000000 31.336000
291.000000 31.336000
292.000000 31.336000
293.000000 31.336000
294.000000 31.336000
295.000000 30.473875
296.000000 30.663625
297.000000 30.655375
298.000000 30.647125
299.000000 30.638875
300.000000 30.630625
301.000000 30.622375
302.000000 30.614125
303.000000 30.605875
304.000000 30.597625
305.000000 30.589375
306.000000 30.581125
307.000000 30.572875
308.000000 30.564625
309.000000 30.556375
310.000000 30.548125
311.000000 30.539875
312.000000 30.531625
313.000000 30.523375
314.000000 30.515125
315.000000 30.506875
316.000000 30.498625
317.000000 30.490375
318.000000 30.482125
319.000000 30.473875
320.000000 30.465625
321.000000 30.457375
322.000000 30.449125
323.000000 30.440875
324.000000 30.432625
325.000000 30.424375
326.000000 30.416125
327.000000 30.407875
328.000000 30.399625
329.000000 30.391375
330.000000 30.383125
331.000000 30.374875
332.000000 30.366625
333.000000 30.358375
334.000000 30.350125
335.000000 30.341875
336.000000 31.195750
337.000000 30.997750
338.000000 30.997750
339.000000 30.997750
340.000000 30.135625
341.000000 30.325375
342.000000 30.317125
343.000000 30.308875
344.000000 31.162750
345.000000 30.964750
346.000000 30.964750
347.000000 30.964750
348.000000 30.964750
349.000000 30.964750
350.000000 31.970563
351.000000 31.749188
352.000000 30.753000
353.000000 30.984000
354.000000 30.984000
355.000000 30.984000
356.000000 30.984000
357.000000 30.984000
358.000000 30.984000
359.000000 31.989813
360.000000 30.762625
361.000000 30.993625
362.000000 30.993625
363.000000 30.993625
364.000000 31.999438
365.000000 31.778063
366.000000 31.787688
367.000000 31.797313
368.000000 31.806938
369.000000 31.816563
370.000000 31.826188
371.000000 31.835813
372.000000 31.845438
373.000000 31.855063
374.000000 31.864688
375.000000 31.874313
376.000000 31.883938
377.000000 31.893563
378.000000 31.903188
379.000000 31.912813
380.000000 30.916625
381.000000 31.147625
382.000000 31.147625
383.000000 31.147625
384.000000 31.147625
385.000000 31.147625
386.000000 30.285500
387.000000 30.475250
388.000000 30.467000
389.000000 30.458750
390.000000 30.450500
391.000000 30.442250
392.000000 30.434000
393.000000 30.425750
394.000000 30.417500
395.000000 30.409250
396.000000 30.401000
397.000000 30.392750
398.000000 30.384500
399.000000 30.376250
400.000000 30.368000
401.000000 30.359750
402.000000 30.351500
403.000000 30.343250
404.000000 31.197125
405.000000 30.999125
406.000000 30.999125
407.000000 30.999125
408.000000 30.999125
409.000000 30.999125
410.000000 30.999125
411.000000 30.999125
412.000000 30.999125
413.000000 30.999125
414.000000 30.999125
415.000000 30.999125
416.000000 30.999125
417.000000 30.999125
418.000000 30.999125
419.000000 30.999125
420.000000 30.999125
421.000000 30.999125
422.000000 30.999125
423.000000 30.999125
424.000000 30.999125
425.000000 30.999125
426.000000 30.999125
427.000000 30.999125
428.000000 30.999125
429.000000 30.999125
430.000000 30.999125
431.000000 30.999125
432.000000 30.999125
433.000000 30.999125
434.000000 30.999125
435.000000 32.004938
436.000000 30.777750
437.000000 31.008750
438.000000 31.008750
439.000000 31.008750
440.000000 31.008750
441.000000 31.008750
442.000000 31.008750
443.000000 31.008750
444.000000 31.008750
445.000000 31.008750
446.000000 31.008750
447.000000 31.008750
448.000000 31.008750
449.000000 31.008750
450.000000 100.000000
451.000000 85.193313
452.000000 85.659438
453.000000 86.356563
454.000000 87.053688
455.000000 86.745000
456.000000 87.663500
457.000000 88.351000
458.000000 88.176375
459.000000 89.053625
460.000000 88.870750
461.000000 88.877625
462.000000 87.870438
463.000000 88.082188
464.000000 87.048875
465.000000 87.234500
466.000000 86.318750
467.000000 85.440813
468.000000 83.715875
469.000000 82.306500
470.000000 80.695688
471.000000 79.953875
472.000000 77.271938
473.000000 76.819563
474.000000 74.915875
475.000000 73.217063
476.000000 72.497938
477.000000 70.525500
478.000000 68.757938
479.000000 67.107938
480.000000 65.256500
481.000000 64.274063
482.000000 62.357313
483.000000 60.437125
484.000000 58.523813
485.000000 57.590188
486.000000 55.403250
487.000000 54.283313
488.000000 52.229063
489.000000 50.171375
490.000000 48.982688
491.000000 47.721813
492.000000 46.267750
493.000000 44.972500
494.000000 43.484063
495.000000 42.154438
496.000000 41.637438
497.000000 39.908375
498.000000 39.398250
499.000000 38.648875
500.000000 36.885438
501.000000 37.203063
502.000000 36.229563
503.000000 35.445813
504.000000 34.510125
505.000000 34.603625
506.000000 33.604000
507.000000 33.656250
508.000000 33.510500
509.000000 33.364750
510.000000 33.219000
511.000000 33.073250
512.000000 33.789625
513.000000 33.454125
514.000000 33.316625
515.000000 34.184938
516.000000 34.688188
517.000000 35.232688
518.000000 34.923313
519.000000 35.674063
520.000000 36.378750
521.000000 36.916375
522.000000 37.495250
523.000000 37.220250
524.000000 38.005375
525.000000 38.744438
526.000000 38.454313
527.000000 39.257313
528.000000 39.870563
529.000000 39.629938
530.000000 40.449438
531.000000 41.222875
532.000000 41.829250
533.000000 42.476875
534.000000 43.132750
535.000000 43.940563
536.000000 43.719188
537.000000 44.590938
538.000000 45.272938
539.000000 45.101063
540.000000 45.989313
541.000000 46.831500
542.000000 46.644500
543.000000 47.550625
544.000000 47.404875
545.000000 47.457125
546.000000 48.371500
547.000000 48.234000
548.000000 49.156625
549.000000 49.027375
550.000000 50.101938
551.000000 49.949313
552.000000 50.027688
553.000000 50.968188
554.000000 50.856813
555.000000 50.943438
556.000000 51.030063
557.000000 51.116688
558.000000 51.203313
559.000000 51.289938
560.000000 51.376563
561.000000 50.601063
562.000000 50.877438
563.000000 50.955813
564.000000 51.034188
565.000000 51.112563
566.000000 51.190938
567.000000 50.263500
568.000000 50.563250
569.000000 50.632000
570.000000 49.838625
571.000000 50.097125
572.000000 50.157625
573.000000 50.218125
574.000000 50.278625
575.000000 49.477000
576.000000 49.727250
577.000000 49.779500
578.000000 49.831750
579.000000 49.021875
580.000000 49.263875
581.000000 49.307875
582.000000 49.351875
583.000000 48.390063
584.000000 48.655438
585.000000 47.827688
586.000000 47.189688
587.000000 47.405563
588.000000 47.423438
589.000000 46.579188
590.000000 46.786813
591.000000 46.796438
592.000000 45.800250
593.000000 46.031250
594.000000 46.031250
595.000000 45.169125
596.000000 45.358875
597.000000 45.350625
598.000000 45.342375
599.000000 45.334125
600.000000 45.325875
601.000000 45.317625
602.000000 45.309375
603.000000 45.301125
604.000000 44.430750
605.000000 44.612250
606.000000 44.595750
607.000000 44.579250
608.000000 44.562750
609.000000 44.546250
610.000000 44.529750
611.000000 43.651125
612.000000 43.824375
613.000000 43.799625
614.000000 43.774875
615.000000 43.750125
616.000000 43.725375
617.000000 43.700625
618.000000 44.538000
619.000000 44.323500
620.000000 44.307000
621.000000 44.290500
622.000000 44.274000
623.000000 45.119625
624.000000 44.913375
625.000000 44.905125
626.000000 44.034750
627.000000 45.078375
628.000000 44.872125
629.000000 44.863875
630.000000 45.717750
631.000000 45.519750
632.000000 45.519750
633.000000 45.519750
634.000000 45.519750
635.000000 44.657625
636.000000 44.847375
637.000000 44.839125
638.000000 44.830875
639.000000 44.822625
640.000000 44.814375
641.000000 44.806125
642.000000 44.797875
643.000000 45.651750
644.000000 45.453750
645.000000 45.453750
646.000000 45.453750
647.000000 45.453750
648.000000 45.453750
649.000000 46.459563
650.000000 46.238188
651.000000 46.247813
652.000000 46.257438
653.000000 46.267063
654.000000 47.138813
655.000000 46.096563
656.000000 47.166313
657.000000 46.986188
658.000000 46.141938
659.000000 46.349563
660.000000 46.359188
661.000000 46.368813
662.000000 46.378438
663.000000 46.388063
664.000000 47.259813
665.000000 46.217563
666.000000 46.425188
667.000000 46.434813
668.000000 46.444438
669.000000 46.454063
670.000000 46.463688
671.000000 46.473313
672.000000 46.482938
673.000000 46.492563
674.000000 46.502188
675.000000 46.511813
676.000000 46.521438
677.000000 46.531063
678.000000 46.540688
679.000000 46.550313
680.000000 46.559938
681.000000 46.569563
682.000000 46.579188
683.000000 46.588813
684.000000 47.460563
685.000000 46.418313
686.000000 46.625938
687.000000 46.635563
688.000000 47.507313
689.000000 47.327188
690.000000 47.345063
691.000000 47.362938
692.000000 47.380813
693.000000 47.398688
694.000000 47.416563
695.000000 47.434438
696.000000 47.452313
697.000000 47.470188
698.000000 47.488063
699.000000 46.643813
700.000000 46.851438
701.000000 46.861063
702.000000 46.870688
703.000000 46.880313
704.000000 46.889938
705.000000 45.893750
706.000000 46.124750
707.000000 46.124750
708.000000 46.124750
709.000000 46.124750
710.000000 46.124750
711.000000 46.124750
712.000000 46.124750
713.000000 45.262625
714.000000 46.314500
715.000000 46.116500
716.000000 46.116500
717.000000 46.116500
718.000000 46.116500
719.000000 46.116500
720.000000 46.116500
721.000000 47.122313
722.000000 46.900938
723.000000 46.910563
724.000000 46.920188
725.000000 45.924000
726.000000 46.155000
727.000000 46.155000
728.000000 46.155000
729.000000 46.155000
730.000000 46.155000
731.000000 46.155000
732.000000 46.155000
733.000000 46.155000
734.000000 46.155000
735.000000 46.155000
736.000000 46.155000
737.000000 46.155000
738.000000 46.155000
739.000000 46.155000
740.000000 46.155000
741.000000 46.155000
742.000000 46.155000
743.000000 46.155000
744.000000 45.292875
745.000000 45.482625
746.000000 45.474375
747.000000 45.466125
748.000000 45.457875
749.000000 45.449625
750.000000 44.579250
751.000000 44.760750
752.000000 44.744250
753.000000 44.727750
754.000000 44.711250
755.000000 44.694750
756.000000 44.678250
757.000000 44.661750
758.000000 44.645250
759.000000 43.766625
760.000000 44.802000
761.000000 44.587500
762.000000 44.571000
763.000000 44.554500
764.000000 44.538000
765.000000 44.521500
766.000000 44.505000
767.000000 44.488500
768.000000 44.472000
769.000000 44.455500
770.000000 44.439000
771.000000 44.422500
772.000000 44.406000
773.000000 44.389500
774.000000 45.235125
775.000000 45.028875
776.000000 45.020625
777.000000 45.012375
778.000000 45.004125
779.000000 45.858000
780.000000 45.660000
781.000000 45.660000
782.000000 45.660000
783.000000 45.660000
784.000000 45.660000
785.000000 45.660000
786.000000 45.660000
787.000000 45.660000
788.000000 45.660000
789.000000 45.660000
790.000000 46.665813
791.000000 46.444438
792.000000 46.454063
793.000000 46.463688
794.000000 46.473313
795.000000 46.482938
796.000000 45.486750
797.000000 45.717750
798.000000 45.717750
799.000000 45.717750
800.000000 45.717750
801.000000 45.717750
802.000000 45.717750
803.000000 45.717750
804.000000 45.717750
805.000000 45.717750
806.000000 46.723563
807.000000 45.496375
808.000000 45.727375
809.000000 45.727375
810.000000 45.727375
811.000000 45.727375
812.000000 45.727375
813.000000 45.727375
814.000000 46.733188
815.000000 45.506000
816.000000 46.742813
817.000000 46.521438
818.000000 46.531063
819.000000 46.540688
820.000000 46.550313
821.000000 46.559938
822.000000 46.569563
823.000000 45.573375
824.000000 45.804375
825.000000 45.804375
826.000000 45.804375
827.000000 45.804375
828.000000 45.804375
829.000000 44.942250
830.000000 45.132000
831.000000 45.123750
832.000000 45.977625
833.000000 44.917500
834.000000 45.107250
835.000000 45.099000
836.000000 45.090750
837.000000 45.082500
838.000000 45.074250
839.000000 45.066000
840.000000 44.195625
841.000000 44.377125
842.000000 45.222750
843.000000 45.016500
844.000000 44.146125
845.000000 44.327625
846.000000 44.311125
847.000000 44.294625
848.000000 44.278125
849.000000 44.261625
850.000000 44.245125
851.000000 44.228625
852.000000 44.212125
853.000000 43.333500
854.000000 44.368875
855.000000 44.154375
856.000000 44.137875
857.000000 44.121375
858.000000 44.967000
859.000000 44.760750
860.000000 44.752500
861.000000 44.744250
862.000000 44.736000
863.000000 44.727750
864.000000 44.719500
865.000000 44.711250
866.000000 44.703000
867.000000 44.694750
868.000000 44.686500
869.000000 44.678250
870.000000 44.670000
871.000000 45.523875
872.000000 45.325875
873.000000 45.325875
874.000000 45.325875
875.000000 45.325875
876.000000 45.325875
877.000000 45.325875
878.000000 45.325875
879.000000 45.325875
880.000000 45.325875
881.000000 45.325875
882.000000 44.463750
883.000000 44.653500
884.000000 44.645250
885.000000 44.637000
886.000000 44.628750
887.000000 44.620500
888.000000 44.612250
889.000000 44.604000
890.000000 44.595750
891.000000 44.587500
892.000000 44.579250
893.000000 43.708875
894.000000 43.890375
895.000000 43.873875
896.000000 44.719500
897.000000 43.651125
898.000000 43.832625
899.000000 43.816125