0.000000 23.000000
1.000000 23.000000
2.000000 23.060000
3.000000 23.060000
4.000000 23.000000
5.000000 23.060000
6.000000 23.060000
7.000000 23.060000
8.000000 23.060000
9.000000 23.060000
10.000000 23.120000
11.000000 23.120000
12.000000 23.180000
13.000000 23.180000
14.000000 23.250000
15.000000 23.310000
16.000000 23.370000
17.000000 23.430000
18.000000 23.500000
19.000000 23.560000
20.000000 23.620000
21.000000 23.750000
22.000000 23.810000
23.000000 23.870000
24.000000 23.930000
25.000000 24.060000
26.000000 24.120000
27.000000 24.250000
28.000000 24.310000
29.000000 24.430000
30.000000 24.500000
31.000000 24.560000
32.000000 24.680000
33.000000 24.750000
34.000000 24.870000
35.000000 24.930000
36.000000 25.000000
37.000000 25.120000
38.000000 25.180000
39.000000 25.310000
40.000000 25.370000
41.000000 25.500000
42.000000 25.560000
43.000000 25.620000
44.000000 25.680000
45.000000 25.810000
46.000000 25.870000
47.000000 26.000000
48.000000 26.060000
49.000000 26.120000
50.000000 26.180000
51.000000 26.310000
52.000000 26.370000
53.000000 26.430000
54.000000 26.560000
55.000000 26.620000
56.000000 26.680000
57.000000 26.750000
58.000000 26.810000
59.000000 26.930000
60.000000 27.000000
61.000000 27.060000
62.000000 27.120000
63.000000 27.180000
64.000000 27.250000
65.000000 27.310000
66.000000 27.370000
67.000000 27.430000
68.000000 27.500000
69.000000 27.560000
70.000000 27.620000
71.000000 27.680000
72.000000 27.750000
73.000000 27.810000
74.000000 27.870000
75.000000 27.930000
76.000000 28.000000
77.000000 28.000000
78.000000 28.060000
79.000000 28.120000
80.000000 28.180000
81.000000 28.180000
82.000000 28.250000
83.000000 28.310000
84.000000 28.310000
85.000000 28.370000
86.000000 28.430000
87.000000 28.430000
88.000000 28.500000
89.000000 28.560000
90.000000 28.560000
91.000000 28.620000
92.000000 28.680000
93.000000 28.680000
94.000000 28.750000
95.000000 28.810000
96.000000 28.810000
97.000000 28.870000
98.000000 28.870000
99.000000 28.930000
100.000000 29.000000
101.000000 29.000000
102.000000 29.060000
103.000000 29.060000
104.000000 29.120000
105.000000 29.120000
106.000000 29.180000
107.000000 29.180000
108.000000 29.250000
109.000000 29.250000
110.000000 29.310000
111.000000 29.310000
112.000000 29.310000
113.000000 29.370000
114.000000 29.370000
115.000000 29.430000
116.000000 29.430000
117.000000 29.430000
118.000000 29.500000
119.000000 29.500000
120.000000 29.560000
121.000000 29.560000
122.000000 29.620000
123.000000 29.620000
124.000000 29.620000
125.000000 29.680000
126.000000 29.680000
127.000000 29.750000
128.000000 29.750000
129.000000 29.750000
130.000000 29.810000
131.000000 29.810000
132.000000 29.810000
133.000000 29.870000
134.000000 29.870000
135.000000 29.870000
136.000000 29.870000
137.000000 29.930000
138.000000 29.930000
139.000000 29.930000
140.000000 30.000000
141.000000 30.000000
142.000000 30.060000
143.000000 30.060000
144.000000 30.060000
145.000000 30.120000
146.000000 30.120000
147.000000 30.120000
148.000000 30.180000
149.000000 30.180000
150.000000 30.180000
151.000000 30.180000
152.000000 30.250000
153.000000 30.250000
154.000000 30.250000
155.000000 30.250000
156.000000 30.310000
157.000000 30.310000
158.000000 30.370000
159.000000 30.370000
160.000000 30.370000
161.000000 30.430000
162.000000 30.430000
163.000000 30.430000
164.000000 30.500000
165.000000 30.500000
166.000000 30.500000
167.000000 30.500000
168.000000 30.500000
169.000000 30.560000
170.000000 30.560000
171.000000 30.560000
172.000000 30.560000
173.000000 30.560000
174.000000 30.620000
175.000000 30.620000
176.000000 30.620000
177.000000 30.620000
178.000000 30.620000
179.000000 30.620000
180.000000 30.620000
181.000000 30.620000
182.000000 30.620000
183.000000 30.680000
184.000000 30.680000
185.000000 30.680000
186.000000 30.680000
187.000000 30.680000
188.000000 30.680000
189.000000 30.680000
190.000000 30.750000
191.000000 30.750000
192.000000 30.750000
193.000000 30.750000
194.000000 30.750000
195.000000 30.750000
196.000000 30.810000
197.000000 30.810000
198.000000 30.810000
199.000000 30.810000
200.000000 30.810000
201.000000 30.810000
202.000000 30.870000
203.000000 30.870000
204.000000 30.870000
205.000000 30.870000
206.000000 30.870000
207.000000 30.930000
208.000000 30.930000
209.000000 30.930000
210.000000 30.930000
211.000000 30.930000
212.000000 30.930000
213.000000 30.930000
214.000000 31.000000
215.000000 31.000000
216.000000 31.000000
217.000000 31.000000
218.000000 31.000000
219.000000 31.000000
220.000000 31.000000
221.000000 31.000000
222.000000 31.000000
223.000000 31.000000
224.000000 31.060000
225.000000 31.060000
226.000000 31.060000
227.000000 31.060000
228.000000 31.060000
229.000000 31.060000
230.000000 31.060000
231.000000 31.060000
232.000000 31.060000
233.000000 31.120000
234.000000 31.120000
235.000000 31.120000
236.000000 31.120000
237.000000 31.120000
238.000000 31.120000
239.000000 31.120000
240.000000 31.180000
241.000000 31.120000
242.000000 31.180000
243.000000 31.120000
244.000000 31.180000
245.000000 31.180000
246.000000 31.180000
247.000000 31.180000
248.000000 31.180000
249.000000 31.180000
250.000000 31.180000
251.000000 31.180000
252.000000 31.180000
253.000000 31.180000
254.000000 31.180000
255.000000 31.180000
256.000000 31.250000
257.000000 31.250000
258.000000 31.250000
259.000000 31.250000
260.000000 31.250000
261.000000 31.250000
262.000000 31.250000
263.000000 31.250000
264.000000 31.310000
265.000000 31.310000
266.000000 31.310000
267.000000 31.310000
268.000000 31.310000
269.000000 31.310000
270.000000 31.310000
271.000000 31.310000
272.000000 31.310000
273.000000 31.310000
274.000000 31.310000
275.000000 31.310000
276.000000 31.310000
277.000000 31.370000
278.000000 31.370000
279.000000 31.370000
280.000000 31.370000
281.000000 31.370000
282.000000 31.370000
283.000000 31.370000
284.000000 31.370000
285.000000 31.370000
286.000000 31.370000
287.000000 31.430000
288.000000 31.430000
289.000000 31.430000
290.000000 31.430000
291.000000 31.430000
292.000000 31.430000
293.000000 31.500000
294.000000 31.500000
295.000000 31.500000
296.000000 31.500000
297.000000 31.500000
298.000000 31.500000
299.000000 31.500000
300.000000 31.500000
301.000000 31.500000
302.000000 31.500000
303.000000 31.500000
304.000000 31.500000
305.000000 31.500000
306.000000 31.500000
307.000000 31.500000
308.000000 31.500000
309.000000 31.500000
310.000000 31.500000
311.000000 31.500000
312.000000 31.500000
313.000000 31.500000
314.000000 31.500000
315.000000 31.500000
316.000000 31.500000
317.000000 31.560000
318.000000 31.560000
319.000000 31.560000
320.000000 31.560000
321.000000 31.560000
322.000000 31.560000
323.000000 31.560000
324.000000 31.560000
325.000000 31.560000
326.000000 31.560000
327.000000 31.560000
328.000000 31.560000
329.000000 31.560000
330.000000 31.560000
331.000000 31.560000
332.000000 31.560000
333.000000 31.560000
334.000000 31.620000
335.000000 31.620000
336.000000 31.620000
337.000000 31.620000
338.000000 31.620000
339.000000 31.620000
340.000000 31.620000
341.000000 31.620000
342.000000 31.620000
343.000000 31.620000
344.000000 31.620000
345.000000 31.620000
346.000000 31.620000
347.000000 31.620000
348.000000 31.620000
349.000000 31.620000
350.000000 31.620000
351.000000 31.620000
352.000000 31.620000
353.000000 31.620000
354.000000 31.620000
355.000000 31.620000
356.000000 31.620000
357.000000 31.620000
358.000000 31.680000
359.000000 31.680000
360.000000 31.680000
361.000000 31.680000
362.000000 31.680000
363.000000 31.680000
364.000000 31.680000
365.000000 31.680000
366.000000 31.680000
367.000000 31.680000
368.000000 31.680000
369.000000 31.680000
370.000000 31.680000
371.000000 31.680000
372.000000 31.680000
373.000000 31.680000
374.000000 31.680000
375.000000 31.680000
376.000000 31.680000
377.000000 31.680000
378.000000 31.680000
379.000000 31.680000
380.000000 31.680000
381.000000 31.680000
382.000000 31.680000
383.000000 31.680000
384.000000 31.620000
385.000000 31.680000
386.000000 31.680000
387.000000 31.680000
388.000000 31.680000
389.000000 31.680000
390.000000 31.680000
391.000000 31.680000
392.000000 31.680000
393.000000 31.680000
394.000000 31.680000
395.000000 31.680000
396.000000 31.680000
397.000000 31.680000
398.000000 31.680000
399.000000 31.680000
400.000000 31.680000
401.000000 31.680000
402.000000 31.680000
403.000000 31.680000
404.000000 31.680000
405.000000 31.680000
406.000000 31.680000
407.000000 31.680000
408.000000 31.680000
409.000000 31.680000
410.000000 31.680000
411.000000 31.680000
412.000000 31.680000
