0.000000 32.620000
1.000000 32.620000
2.000000 32.680000
3.000000 32.680000
4.000000 32.750000
5.000000 32.750000
6.000000 32.750000
7.000000 32.810000
8.000000 32.810000
9.000000 32.810000
10.000000 32.870000
11.000000 32.930000
12.000000 32.930000
13.000000 33.000000
14.000000 33.060000
15.000000 33.120000
16.000000 33.180000
17.000000 33.180000
18.000000 33.250000
19.000000 33.310000
20.000000 33.370000
21.000000 33.430000
22.000000 33.500000
23.000000 33.620000
24.000000 33.680000
25.000000 33.750000
26.000000 33.810000
27.000000 33.870000
28.000000 33.930000
29.000000 34.060000
30.000000 34.120000
31.000000 34.180000
32.000000 34.250000
33.000000 34.310000
34.000000 34.370000
35.000000 34.430000
36.000000 34.560000
37.000000 34.620000
38.000000 34.680000
39.000000 34.750000
40.000000 34.810000
41.000000 34.870000
42.000000 34.930000
43.000000 35.000000
44.000000 35.060000
45.000000 35.120000
46.000000 35.250000
47.000000 35.310000
48.000000 35.370000
49.000000 35.430000
50.000000 35.500000
51.000000 35.560000
52.000000 35.620000
53.000000 35.680000
54.000000 35.750000
55.000000 35.810000
56.000000 35.870000
57.000000 35.930000
58.000000 36.000000
59.000000 36.060000
60.000000 36.120000
61.000000 36.180000
62.000000 36.250000
63.000000 36.310000
64.000000 36.370000
65.000000 36.430000
66.000000 36.500000
67.000000 36.500000
68.000000 36.560000
69.000000 36.620000
70.000000 36.620000
71.000000 36.680000
72.000000 36.750000
73.000000 36.810000
74.000000 36.810000
75.000000 36.870000
76.000000 36.870000
77.000000 36.930000
78.000000 37.000000
79.000000 37.000000
80.000000 37.060000
81.000000 37.120000
82.000000 37.180000
83.000000 37.250000
84.000000 37.250000
85.000000 37.310000
86.000000 37.370000
87.000000 37.370000
88.000000 37.370000
89.000000 37.430000
90.000000 37.500000
91.000000 37.500000
92.000000 37.560000
93.000000 37.620000
94.000000 37.620000
95.000000 37.620000
96.000000 37.680000
97.000000 37.680000
98.000000 37.680000
99.000000 37.680000
100.000000 37.750000
101.000000 37.750000
102.000000 37.750000
103.000000 37.810000
104.000000 37.810000
105.000000 37.810000
106.000000 37.810000
107.000000 37.870000
108.000000 37.870000
109.000000 37.930000
110.000000 37.930000
111.000000 38.000000
112.000000 38.000000
113.000000 38.060000
114.000000 38.120000
115.000000 38.180000
116.000000 38.180000
117.000000 38.250000
118.000000 38.250000
119.000000 38.310000
120.000000 38.310000
121.000000 38.310000
122.000000 38.310000
123.000000 38.370000
124.000000 38.370000
125.000000 38.370000
126.000000 38.430000
127.000000 38.430000
128.000000 38.500000
129.000000 38.500000
130.000000 38.560000
131.000000 38.560000
132.000000 38.560000
133.000000 38.560000
134.000000 38.620000
135.000000 38.620000
136.000000 38.620000
137.000000 38.620000
138.000000 38.680000
139.000000 38.680000
140.000000 38.680000
141.000000 38.680000
142.000000 38.750000
143.000000 38.750000
144.000000 38.750000
145.000000 38.750000
146.000000 38.810000
147.000000 38.810000
148.000000 38.810000
149.000000 38.870000
150.000000 38.870000
151.000000 38.870000
152.000000 38.870000
153.000000 38.870000
154.000000 38.870000
155.000000 38.870000
156.000000 38.870000
157.000000 38.870000
158.000000 38.870000
159.000000 38.870000
160.000000 38.930000
161.000000 38.930000
162.000000 38.930000
163.000000 38.930000
164.000000 39.000000
165.000000 39.000000
166.000000 39.000000
167.000000 39.000000
168.000000 39.060000
169.000000 39.060000
170.000000 39.060000
171.000000 39.060000
172.000000 39.060000
173.000000 39.060000
174.000000 39.120000
175.000000 39.120000
176.000000 39.120000
177.000000 39.120000
178.000000 39.120000
179.000000 39.120000
180.000000 39.120000
181.000000 39.120000
182.000000 39.120000
183.000000 39.120000
184.000000 39.120000
185.000000 39.120000
186.000000 39.120000
187.000000 39.120000
188.000000 39.120000
189.000000 39.120000
190.000000 39.120000
191.000000 39.120000
192.000000 39.120000
193.000000 39.120000
194.000000 39.120000
195.000000 39.120000
196.000000 39.120000
197.000000 39.120000
198.000000 39.180000
199.000000 39.180000
200.000000 39.180000
201.000000 39.180000
202.000000 39.180000
203.000000 39.180000
204.000000 39.180000
205.000000 39.180000
206.000000 39.250000
207.000000 39.250000
208.000000 39.250000
209.000000 39.250000
210.000000 39.310000
211.000000 39.310000
212.000000 39.310000
213.000000 39.310000
214.000000 39.310000
215.000000 39.310000
216.000000 39.370000
217.000000 39.370000
218.000000 39.370000
219.000000 39.430000
220.000000 39.430000
221.000000 39.430000
222.000000 39.500000
223.000000 39.500000
224.000000 39.500000
225.000000 39.560000
226.000000 39.560000
227.000000 39.500000
228.000000 39.500000
229.000000 39.500000
230.000000 39.500000
231.000000 39.500000
232.000000 39.500000
233.000000 39.500000
234.000000 39.500000
235.000000 39.500000
236.000000 39.500000
237.000000 39.500000
238.000000 39.500000
239.000000 39.500000
240.000000 39.500000
241.000000 39.500000
242.000000 39.500000
243.000000 39.500000
244.000000 39.500000
245.000000 39.430000
246.000000 39.430000
247.000000 39.430000
248.000000 39.430000
249.000000 39.500000
250.000000 39.500000
251.000000 39.500000
252.000000 39.500000
253.000000 39.500000
254.000000 39.500000
255.000000 39.500000
256.000000 39.500000
257.000000 39.560000
258.000000 39.560000
259.000000 39.560000
260.000000 39.560000
261.000000 39.560000
262.000000 39.560000
263.000000 39.620000
264.000000 39.620000
265.000000 39.620000
266.000000 39.620000
267.000000 39.620000
268.000000 39.620000
269.000000 39.680000
270.000000 39.680000
271.000000 39.680000
272.000000 39.750000
273.000000 39.750000
274.000000 39.750000
275.000000 39.750000
276.000000 39.750000
277.000000 39.750000
278.000000 39.750000
279.000000 39.750000
280.000000 39.750000
281.000000 39.680000
282.000000 39.680000
283.000000 39.750000
284.000000 39.680000
285.000000 39.680000
286.000000 39.680000
287.000000 39.680000
288.000000 39.680000
289.000000 39.620000
290.000000 39.620000
291.000000 39.620000
292.000000 39.620000
293.000000 39.620000
294.000000 39.620000
295.000000 39.620000
296.000000 39.620000
297.000000 39.620000
298.000000 39.620000
299.000000 39.620000
300.000000 39.620000
301.000000 39.680000
302.000000 39.680000
303.000000 39.680000
304.000000 39.680000
305.000000 39.680000
306.000000 39.680000
307.000000 39.680000
308.000000 39.680000
309.000000 39.680000
310.000000 39.680000
311.000000 39.680000
312.000000 39.680000
313.000000 39.680000
314.000000 39.750000
315.000000 39.750000
316.000000 39.750000
317.000000 39.750000
318.000000 39.750000
319.000000 39.750000
320.000000 39.750000
321.000000 39.810000
322.000000 39.810000
323.000000 39.810000
324.000000 39.810000
325.000000 39.870000
326.000000 39.870000
327.000000 39.870000
328.000000 39.870000
329.000000 39.870000
330.000000 39.870000
331.000000 39.870000
332.000000 39.870000
333.000000 39.870000
334.000000 39.870000
335.000000 39.870000
336.000000 39.810000
337.000000 39.810000
338.000000 39.810000
339.000000 39.810000
340.000000 39.810000
341.000000 39.810000
342.000000 39.870000
343.000000 39.870000
344.000000 39.870000
345.000000 39.870000
346.000000 39.870000
347.000000 39.870000
348.000000 39.870000
349.000000 39.870000
350.000000 39.870000
351.000000 39.870000
352.000000 39.870000
353.000000 39.870000
354.000000 39.930000
355.000000 39.930000
356.000000 39.930000
357.000000 39.930000
358.000000 39.930000
359.000000 39.930000
360.000000 39.930000
361.000000 39.930000
362.000000 39.930000
363.000000 39.930000
364.000000 39.930000
365.000000 39.930000
366.000000 39.930000
367.000000 40.000000
368.000000 40.000000
369.000000 40.000000
370.000000 39.930000
371.000000 39.930000
372.000000 39.930000
373.000000 39.930000
374.000000 39.930000
375.000000 39.930000
376.000000 39.930000
377.000000 39.930000
378.000000 39.930000
379.000000 39.930000
380.000000 39.930000
381.000000 39.930000
382.000000 39.930000
383.000000 39.930000
384.000000 39.870000
385.000000 39.870000
386.000000 39.870000
387.000000 39.870000
388.000000 39.930000
389.000000 39.930000
390.000000 39.930000
391.000000 39.930000
392.000000 40.000000
393.000000 40.000000
394.000000 40.000000
395.000000 40.000000
396.000000 40.060000
397.000000 40.000000
398.000000 40.000000
399.000000 40.000000
400.000000 40.000000
401.000000 40.000000
402.000000 40.000000
403.000000 40.000000
404.000000 40.000000
405.000000 40.000000
406.000000 40.000000
407.000000 40.000000
408.000000 40.000000
409.000000 40.000000
410.000000 40.000000
411.000000 40.060000
412.000000 40.060000
413.000000 40.060000
414.000000 40.060000
415.000000 40.060000
416.000000 40.060000
417.000000 40.060000
418.000000 40.060000
419.000000 40.060000
420.000000 40.000000
421.000000 40.060000
422.000000 40.060000
423.000000 40.000000
424.000000 40.060000
425.000000 40.060000
426.000000 40.060000
427.000000 40.060000
428.000000 40.060000
429.000000 40.060000
430.000000 40.060000
431.000000 40.060000
432.000000 40.000000
433.000000 40.000000
434.000000 40.000000
435.000000 40.000000
436.000000 40.000000
437.000000 39.930000
438.000000 39.930000
439.000000 39.930000
