0.000000 33.000000
1.000000 33.000000
2.000000 33.060000
3.000000 33.060000
4.000000 33.060000
5.000000 33.060000
6.000000 33.120000
7.000000 33.120000
8.000000 33.120000
9.000000 33.180000
10.000000 33.180000
11.000000 33.180000
12.000000 33.250000
13.000000 33.250000
14.000000 33.310000
15.000000 33.310000
16.000000 33.370000
17.000000 33.370000
18.000000 33.430000
19.000000 33.500000
20.000000 33.500000
21.000000 33.560000
22.000000 33.620000
23.000000 33.620000
24.000000 33.680000
25.000000 33.750000
26.000000 33.750000
27.000000 33.810000
28.000000 33.810000
29.000000 33.870000
30.000000 33.930000
31.000000 33.930000
32.000000 34.000000
33.000000 34.060000
34.000000 34.120000
35.000000 34.180000
36.000000 34.180000
37.000000 34.250000
38.000000 34.310000
39.000000 34.370000
40.000000 34.370000
41.000000 34.430000
42.000000 34.500000
43.000000 34.560000
44.000000 34.560000
45.000000 34.620000
46.000000 34.680000
47.000000 34.750000
48.000000 34.810000
49.000000 34.810000
50.000000 34.870000
51.000000 34.930000
52.000000 35.000000
53.000000 35.060000
54.000000 35.120000
55.000000 35.180000
56.000000 35.180000
57.000000 35.250000
58.000000 35.250000
59.000000 35.310000
60.000000 35.370000
61.000000 35.370000
62.000000 35.370000
63.000000 35.430000
64.000000 35.430000
65.000000 35.500000
66.000000 35.500000
67.000000 35.560000
68.000000 35.560000
69.000000 35.620000
70.000000 35.680000
71.000000 35.750000
72.000000 35.750000
73.000000 35.810000
74.000000 35.810000
75.000000 35.870000
76.000000 35.870000
77.000000 35.930000
78.000000 36.000000
79.000000 36.000000
80.000000 36.000000
81.000000 36.060000
82.000000 36.060000
83.000000 36.120000
84.000000 36.120000
85.000000 36.120000
86.000000 36.120000
87.000000 36.120000
88.000000 36.180000
89.000000 36.180000
90.000000 36.250000
91.000000 36.250000
92.000000 36.250000
93.000000 36.310000
94.000000 36.310000
95.000000 36.370000
96.000000 36.370000
97.000000 36.370000
98.000000 36.370000
99.000000 36.430000
100.000000 36.430000
101.000000 36.500000
102.000000 36.500000
103.000000 36.500000
104.000000 36.560000
105.000000 36.560000
106.000000 36.620000
107.000000 36.620000
108.000000 36.620000
109.000000 36.680000
110.000000 36.680000
111.000000 36.680000
112.000000 36.680000
113.000000 36.750000
114.000000 36.750000
115.000000 36.750000
116.000000 36.750000
117.000000 36.810000
118.000000 36.810000
119.000000 36.810000
120.000000 36.870000
121.000000 36.870000
122.000000 36.870000
123.000000 36.870000
124.000000 36.870000
125.000000 36.870000
126.000000 36.870000
127.000000 36.930000
128.000000 36.930000
129.000000 36.930000
130.000000 36.930000
131.000000 36.930000
132.000000 37.000000
133.000000 37.000000
134.000000 37.000000
135.000000 37.000000
136.000000 37.060000
137.000000 37.060000
138.000000 37.060000
139.000000 37.120000
140.000000 37.120000
141.000000 37.120000
142.000000 37.120000
143.000000 37.120000
144.000000 37.120000
145.000000 37.120000
146.000000 37.120000
147.000000 37.180000
148.000000 37.180000
149.000000 37.180000
150.000000 37.180000
151.000000 37.180000
152.000000 37.180000
153.000000 37.180000
154.000000 37.250000
155.000000 37.250000
156.000000 37.250000
157.000000 37.250000
158.000000 37.250000
159.000000 37.250000
160.000000 37.250000
161.000000 37.310000
162.000000 37.310000
163.000000 37.310000
164.000000 37.310000
165.000000 37.370000
166.000000 37.370000
167.000000 37.370000
168.000000 37.370000
169.000000 37.370000
170.000000 37.310000
171.000000 37.310000
172.000000 37.370000
173.000000 37.370000
174.000000 37.370000
175.000000 37.310000
176.000000 37.370000
177.000000 37.370000
178.000000 37.370000
179.000000 37.370000
180.000000 37.430000
181.000000 37.430000
182.000000 37.430000
183.000000 37.430000
184.000000 37.500000
185.000000 37.500000
186.000000 37.500000
187.000000 37.560000
188.000000 37.560000
189.000000 37.560000
190.000000 37.560000
191.000000 37.560000
192.000000 37.560000
193.000000 37.560000
194.000000 37.560000
195.000000 37.560000
196.000000 37.560000
197.000000 37.560000
198.000000 37.560000
199.000000 37.560000
200.000000 37.560000
201.000000 37.560000
202.000000 37.560000
203.000000 37.560000
204.000000 37.560000
205.000000 37.560000
206.000000 37.560000
207.000000 37.560000
208.000000 37.560000
209.000000 37.560000
210.000000 37.620000
211.000000 37.620000
212.000000 37.620000
213.000000 37.620000
214.000000 37.620000
215.000000 37.620000
216.000000 37.620000
217.000000 37.620000
218.000000 37.620000
219.000000 37.620000
220.000000 37.620000
221.000000 37.620000
222.000000 37.620000
223.000000 37.620000
224.000000 37.620000
225.000000 37.620000
226.000000 37.620000
227.000000 37.680000
228.000000 37.680000
229.000000 37.680000
230.000000 37.680000
231.000000 37.680000
232.000000 37.680000
233.000000 37.680000
234.000000 37.680000
235.000000 37.680000
236.000000 37.750000
237.000000 37.750000
238.000000 37.750000
239.000000 37.750000
240.000000 37.750000
241.000000 37.750000
242.000000 37.750000
243.000000 37.750000
244.000000 37.810000
245.000000 37.810000
246.000000 37.810000
247.000000 37.810000
248.000000 37.810000
249.000000 37.810000
250.000000 37.750000
251.000000 37.750000
252.000000 37.750000
253.000000 37.750000
254.000000 37.750000
255.000000 37.680000
256.000000 37.680000
257.000000 37.680000
258.000000 37.680000
259.000000 37.680000
260.000000 37.680000
261.000000 37.680000
262.000000 37.680000
263.000000 37.680000
264.000000 37.620000
265.000000 37.680000
266.000000 37.680000
267.000000 37.680000
268.000000 37.680000
269.000000 37.620000
270.000000 37.620000
271.000000 37.620000
272.000000 37.620000
273.000000 37.620000
274.000000 37.620000
275.000000 37.620000
276.000000 37.620000
277.000000 37.620000
278.000000 37.680000
279.000000 37.680000
280.000000 37.680000
281.000000 37.750000
282.000000 37.750000
283.000000 37.750000
284.000000 37.750000
285.000000 37.750000
286.000000 37.750000
287.000000 37.750000
288.000000 37.750000
289.000000 37.810000
290.000000 37.810000
291.000000 37.810000
292.000000 37.810000
293.000000 37.810000
294.000000 37.810000
295.000000 37.810000
296.000000 37.750000
297.000000 37.750000
298.000000 37.750000
299.000000 37.750000
300.000000 37.750000
301.000000 37.750000
302.000000 37.750000
303.000000 37.750000
304.000000 37.750000
305.000000 37.810000
306.000000 37.810000
307.000000 37.810000
308.000000 37.810000
309.000000 37.810000
310.000000 37.810000
311.000000 37.810000
312.000000 37.870000
313.000000 37.870000
314.000000 37.870000
315.000000 37.870000
316.000000 37.870000
317.000000 37.870000
318.000000 37.870000
319.000000 37.870000
320.000000 37.870000
321.000000 37.870000
322.000000 37.870000
323.000000 37.870000
324.000000 37.870000
325.000000 37.870000
326.000000 37.870000
327.000000 37.870000
328.000000 37.870000
329.000000 37.870000
330.000000 37.870000
331.000000 37.870000
332.000000 37.930000
333.000000 37.930000
334.000000 37.930000
335.000000 37.930000
336.000000 37.930000
337.000000 38.000000
338.000000 38.000000
339.000000 38.000000
340.000000 38.000000
341.000000 38.000000
342.000000 38.000000
343.000000 38.000000
344.000000 38.000000
345.000000 38.000000
346.000000 38.000000
347.000000 38.000000
348.000000 38.000000
349.000000 38.060000
350.000000 38.060000
351.000000 38.060000
352.000000 38.060000
353.000000 38.060000
354.000000 38.060000
355.000000 38.060000
356.000000 38.000000
357.000000 38.000000
358.000000 38.000000
359.000000 38.000000
360.000000 38.060000
361.000000 38.060000
362.000000 38.060000
363.000000 38.060000
364.000000 38.060000
365.000000 38.000000
366.000000 38.060000
367.000000 38.000000
368.000000 38.000000
369.000000 38.060000
370.000000 38.060000
371.000000 38.060000
372.000000 38.060000
373.000000 38.060000
374.000000 38.120000
375.000000 38.120000
376.000000 38.120000
377.000000 38.060000
378.000000 38.060000
379.000000 38.060000
380.000000 38.060000
381.000000 38.060000
382.000000 38.060000
383.000000 38.060000
384.000000 38.060000
385.000000 38.120000
386.000000 38.120000
387.000000 38.120000
388.000000 38.120000
389.000000 38.120000
390.000000 38.120000
391.000000 38.120000
392.000000 38.120000
393.000000 38.120000
394.000000 38.120000
395.000000 38.120000
396.000000 38.120000
397.000000 38.120000
398.000000 38.120000
399.000000 38.120000
400.000000 38.120000
401.000000 38.120000
402.000000 38.120000
403.000000 38.120000
404.000000 38.120000
405.000000 38.120000
406.000000 38.120000
407.000000 38.060000
408.000000 38.060000
409.000000 38.060000
410.000000 38.060000
411.000000 38.000000
412.000000 38.060000
413.000000 38.060000
414.000000 38.060000
415.000000 38.060000
416.000000 38.060000
417.000000 38.120000
418.000000 38.120000
419.000000 38.120000
420.000000 38.120000
421.000000 38.120000
422.000000 38.120000
423.000000 38.120000
424.000000 38.120000
425.000000 38.120000
426.000000 38.120000
427.000000 38.120000
428.000000 38.120000
429.000000 38.060000
430.000000 38.060000
431.000000 38.060000
432.000000 38.060000
433.000000 38.060000
434.000000 38.060000
435.000000 38.000000
436.000000 38.000000
437.000000 38.000000
438.000000 38.000000
439.000000 38.000000
440.000000 38.000000
441.000000 38.000000
442.000000 38.000000
443.000000 38.000000
444.000000 38.000000
445.000000 38.000000
446.000000 38.000000
447.000000 38.000000
448.000000 38.000000
449.000000 38.000000
450.000000 38.000000
451.000000 38.060000
452.000000 38.060000
453.000000 38.060000
454.000000 38.060000
455.000000 38.060000
456.000000 38.060000
457.000000 38.060000
458.000000 38.060000
459.000000 38.000000
460.000000 38.000000
461.000000 38.000000
462.000000 38.000000
463.000000 38.000000
464.000000 38.000000
465.000000 38.000000
466.000000 38.060000
467.000000 38.000000
468.000000 38.060000
469.000000 38.000000
470.000000 38.060000
471.000000 38.060000
472.000000 38.060000
473.000000 38.060000
474.000000 38.060000
475.000000 38.060000
476.000000 38.060000
477.000000 38.060000
478.000000 38.060000
479.000000 38.060000
480.000000 38.060000
481.000000 38.000000
