0.000000 32.810000
1.000000 32.810000
2.000000 32.810000
3.000000 32.810000
4.000000 32.810000
5.000000 32.810000
6.000000 32.870000
7.000000 32.870000
8.000000 32.870000
9.000000 32.870000
10.000000 32.870000
11.000000 32.870000
12.000000 32.870000
13.000000 32.870000
14.000000 32.870000
15.000000 32.870000
16.000000 32.810000
17.000000 32.870000
18.000000 32.870000
19.000000 32.870000
20.000000 32.870000
21.000000 32.870000
22.000000 32.930000
23.000000 32.930000
24.000000 32.930000
25.000000 32.930000
26.000000 33.000000
27.000000 33.000000
28.000000 33.000000
29.000000 33.000000
30.000000 33.060000
31.000000 33.060000
32.000000 33.060000
33.000000 33.060000
34.000000 33.120000
35.000000 33.120000
36.000000 33.120000
37.000000 33.120000
38.000000 33.120000
39.000000 33.180000
40.000000 33.180000
41.000000 33.180000
42.000000 33.180000
43.000000 33.180000
44.000000 33.250000
45.000000 33.250000
46.000000 33.250000
47.000000 33.310000
48.000000 33.310000
49.000000 33.310000
50.000000 33.310000
51.000000 33.370000
52.000000 33.370000
53.000000 33.370000
54.000000 33.370000
55.000000 33.430000
56.000000 33.370000
57.000000 33.430000
58.000000 33.430000
59.000000 33.430000
60.000000 33.430000
61.000000 33.430000
62.000000 33.500000
63.000000 33.500000
64.000000 33.500000
65.000000 33.500000
66.000000 33.500000
67.000000 33.500000
68.000000 33.560000
69.000000 33.560000
70.000000 33.560000
71.000000 33.560000
72.000000 33.560000
73.000000 33.620000
74.000000 33.620000
75.000000 33.620000
76.000000 33.620000
77.000000 33.680000
78.000000 33.680000
79.000000 33.680000
80.000000 33.680000
81.000000 33.750000
82.000000 33.750000
83.000000 33.750000
84.000000 33.750000
85.000000 33.750000
86.000000 33.810000
87.000000 33.810000
88.000000 33.810000
89.000000 33.810000
90.000000 33.810000
91.000000 33.810000
92.000000 33.810000
93.000000 33.810000
94.000000 33.810000
95.000000 33.810000
96.000000 33.810000
97.000000 33.810000
98.000000 33.810000
99.000000 33.870000
100.000000 33.870000
101.000000 33.870000
102.000000 33.930000
103.000000 33.930000
104.000000 33.930000
105.000000 34.000000
106.000000 34.000000
107.000000 34.000000
108.000000 34.000000
109.000000 34.000000
110.000000 34.000000
111.000000 34.000000
112.000000 34.000000
113.000000 34.000000
114.000000 34.000000
115.000000 34.000000
116.000000 34.000000
117.000000 34.000000
118.000000 34.000000
119.000000 34.000000
120.000000 34.000000
121.000000 34.000000
122.000000 34.000000
123.000000 34.000000
124.000000 34.060000
125.000000 34.060000
126.000000 34.060000
127.000000 34.060000
128.000000 34.060000
129.000000 34.060000
130.000000 34.060000
131.000000 34.060000
132.000000 34.060000
133.000000 34.060000
134.000000 34.060000
135.000000 34.060000
136.000000 34.120000
137.000000 34.120000
138.000000 34.120000
139.000000 34.120000
140.000000 34.120000
141.000000 34.120000
142.000000 34.120000
143.000000 34.120000
144.000000 34.120000
145.000000 34.180000
146.000000 34.180000
147.000000 34.180000
148.000000 34.180000
149.000000 34.180000
150.000000 34.180000
151.000000 34.250000
152.000000 34.250000
153.000000 34.250000
154.000000 34.250000
155.000000 34.250000
156.000000 34.250000
157.000000 34.250000
158.000000 34.250000
159.000000 34.250000
160.000000 34.250000
161.000000 34.250000
162.000000 34.250000
163.000000 34.250000
164.000000 34.250000
165.000000 34.310000
166.000000 34.310000
167.000000 34.310000
168.000000 34.250000
169.000000 34.250000
170.000000 34.250000
171.000000 34.250000
172.000000 34.250000
173.000000 34.250000
174.000000 34.250000
175.000000 34.250000
176.000000 34.180000
177.000000 34.180000
178.000000 34.180000
179.000000 34.180000
180.000000 34.180000
181.000000 34.180000
182.000000 34.180000
183.000000 34.180000
184.000000 34.180000
185.000000 34.180000
186.000000 34.180000
187.000000 34.180000
188.000000 34.180000
189.000000 34.180000
190.000000 34.180000
191.000000 34.180000
192.000000 34.180000
193.000000 34.180000
194.000000 34.180000
195.000000 34.180000
196.000000 34.180000
197.000000 34.180000
198.000000 34.180000
199.000000 34.180000
200.000000 34.180000
201.000000 34.120000
202.000000 34.120000
203.000000 34.120000
204.000000 34.120000
205.000000 34.120000
206.000000 34.120000
207.000000 34.120000
208.000000 34.120000
209.000000 34.120000
210.000000 34.120000
211.000000 34.120000
212.000000 34.120000
213.000000 34.120000
214.000000 34.120000
215.000000 34.120000
216.000000 34.120000
217.000000 34.120000
218.000000 34.120000
219.000000 34.120000
220.000000 34.120000
221.000000 34.120000
222.000000 34.120000
223.000000 34.120000
224.000000 34.120000
225.000000 34.120000
226.000000 34.120000
227.000000 34.120000
228.000000 34.180000
229.000000 34.180000
230.000000 34.180000
231.000000 34.180000
232.000000 34.180000
233.000000 34.180000
234.000000 34.180000
235.000000 34.180000
236.000000 34.180000
237.000000 34.120000
238.000000 34.180000
239.000000 34.180000
240.000000 34.180000
241.000000 34.180000
242.000000 34.180000
243.000000 34.250000
244.000000 34.250000
245.000000 34.250000
246.000000 34.250000
247.000000 34.250000
248.000000 34.250000
249.000000 34.250000
250.000000 34.250000
251.000000 34.310000
252.000000 34.310000
253.000000 34.310000
254.000000 34.310000
255.000000 34.310000
256.000000 34.370000
257.000000 34.370000
258.000000 34.370000
259.000000 34.370000
260.000000 34.370000
261.000000 34.370000
262.000000 34.370000
263.000000 34.370000
264.000000 34.370000
265.000000 34.370000
266.000000 34.370000
267.000000 34.310000
268.000000 34.310000
269.000000 34.310000
270.000000 34.310000
271.000000 34.310000
272.000000 34.310000
273.000000 34.310000
274.000000 34.310000
275.000000 34.310000
276.000000 34.310000
277.000000 34.310000
278.000000 34.310000
279.000000 34.310000
280.000000 34.310000
281.000000 34.310000
282.000000 34.310000
283.000000 34.310000
284.000000 34.310000
285.000000 34.310000
286.000000 34.310000
287.000000 34.370000
288.000000 34.370000
289.000000 34.370000
290.000000 34.370000
291.000000 34.370000
292.000000 34.370000
293.000000 34.370000
294.000000 34.370000
295.000000 34.370000
296.000000 34.370000
297.000000 34.370000
298.000000 34.370000
299.000000 34.370000
300.000000 34.370000
301.000000 34.370000
302.000000 34.370000
303.000000 34.370000
304.000000 34.370000
305.000000 34.370000
306.000000 34.370000
307.000000 34.370000
308.000000 34.370000
309.000000 34.430000
310.000000 34.430000
311.000000 34.430000
312.000000 34.430000
313.000000 34.370000
314.000000 34.430000
315.000000 34.430000
316.000000 34.430000
317.000000 34.430000
318.000000 34.430000
319.000000 34.430000
320.000000 34.430000
321.000000 34.430000
322.000000 34.430000
323.000000 34.430000
324.000000 34.430000
325.000000 34.430000
326.000000 34.430000
327.000000 34.430000
328.000000 34.430000
329.000000 34.430000
330.000000 34.430000
331.000000 34.430000
332.000000 34.430000
333.000000 34.430000
334.000000 34.430000
335.000000 34.430000
336.000000 34.430000
337.000000 34.430000
338.000000 34.430000
339.000000 34.430000
340.000000 34.430000
341.000000 34.430000
342.000000 34.430000
343.000000 34.430000
344.000000 34.430000
345.000000 34.430000
346.000000 34.430000
347.000000 34.430000
348.000000 34.370000
349.000000 34.370000
350.000000 34.370000
351.000000 34.370000
352.000000 34.370000
353.000000 34.370000
354.000000 34.370000
355.000000 34.370000
356.000000 34.370000
357.000000 34.370000
358.000000 34.370000
359.000000 34.370000
360.000000 34.370000
361.000000 34.370000
362.000000 34.370000
363.000000 34.370000
364.000000 34.370000
365.000000 34.370000
366.000000 34.370000
367.000000 34.370000
368.000000 34.370000
369.000000 34.430000
370.000000 34.430000
371.000000 34.430000
372.000000 34.430000
373.000000 34.430000
374.000000 34.430000
375.000000 34.430000
376.000000 34.430000
377.000000 34.430000
378.000000 34.430000
379.000000 34.430000
380.000000 34.430000
381.000000 34.430000
382.000000 34.430000
383.000000 34.430000
384.000000 34.430000
385.000000 34.430000
386.000000 34.430000
387.000000 34.430000
388.000000 34.430000
389.000000 34.430000
390.000000 34.500000
391.000000 34.500000
392.000000 34.500000
393.000000 34.500000
394.000000 34.560000
395.000000 34.560000
396.000000 34.560000
397.000000 34.560000
398.000000 34.560000
399.000000 34.500000
400.000000 34.500000
401.000000 34.500000
402.000000 34.500000
403.000000 34.500000
404.000000 34.500000
405.000000 34.500000
406.000000 34.500000
407.000000 34.500000
408.000000 34.500000
409.000000 34.500000
410.000000 34.500000
411.000000 34.500000
412.000000 34.500000
413.000000 34.560000
414.000000 34.560000
415.000000 34.560000
416.000000 34.560000
417.000000 34.500000
418.000000 34.500000
419.000000 34.560000
420.000000 34.500000
421.000000 34.500000
422.000000 34.500000
423.000000 34.500000
424.000000 34.500000
425.000000 34.500000
426.000000 34.560000
427.000000 34.560000
428.000000 34.560000
429.000000 34.560000
430.000000 34.560000
431.000000 34.500000
432.000000 34.500000
433.000000 34.500000
434.000000 34.500000
435.000000 34.500000
436.000000 34.500000
437.000000 34.500000
438.000000 34.500000
439.000000 34.500000
440.000000 34.500000
441.000000 34.500000
442.000000 34.560000
443.000000 34.560000
444.000000 34.560000
445.000000 34.560000
446.000000 34.560000
447.000000 34.560000
448.000000 34.560000
449.000000 34.560000
450.000000 34.560000
451.000000 34.560000
452.000000 34.500000
453.000000 34.500000
454.000000 34.500000
455.000000 34.500000
456.000000 34.500000
457.000000 34.500000
458.000000 34.500000
459.000000 34.500000
460.000000 34.500000
461.000000 34.560000
462.000000 34.560000
463.000000 34.560000
464.000000 34.560000
465.000000 34.560000
466.000000 34.560000
467.000000 34.620000
468.000000 34.620000
469.000000 34.620000
470.000000 34.620000
471.000000 34.620000
472.000000 34.620000
473.000000 34.620000
474.000000 34.560000
475.000000 34.560000
476.000000 34.560000
477.000000 34.500000
478.000000 34.500000
479.000000 34.560000
480.000000 34.500000
481.000000 34.500000
482.000000 34.500000
483.000000 34.500000
484.000000 34.500000
485.000000 34.500000
486.000000 34.560000
487.000000 34.560000
488.000000 34.560000
489.000000 34.560000
490.000000 34.560000
491.000000 34.560000
492.000000 34.560000
493.000000 34.620000
494.000000 34.560000
495.000000 34.560000
496.000000 34.560000
497.000000 34.560000
498.000000 34.560000
499.000000 34.560000
500.000000 34.560000
501.000000 34.560000
502.000000 34.500000
503.000000 34.560000
504.000000 34.560000
505.000000 34.560000
506.000000 34.560000
507.000000 34.560000
508.000000 34.560000
509.000000 34.560000
510.000000 34.560000
511.000000 34.560000
512.000000 34.560000
513.000000 34.560000
514.000000 34.620000
515.000000 34.620000
516.000000 34.620000
517.000000 34.620000
518.000000 34.620000
519.000000 34.620000
520.000000 34.620000
521.000000 34.620000
522.000000 34.620000
523.000000 34.620000
524.000000 34.620000
525.000000 34.620000
526.000000 34.620000
527.000000 34.620000
528.000000 34.620000
529.000000 34.620000
530.000000 34.620000
531.000000 34.620000
532.000000 34.620000
533.000000 34.620000
534.000000 34.560000
535.000000 34.560000
