0.000000 33.500000
1.000000 33.500000
2.000000 33.500000
3.000000 33.500000
4.000000 33.500000
5.000000 33.500000
6.000000 33.500000
7.000000 33.500000
8.000000 33.560000
9.000000 33.560000
10.000000 33.560000
11.000000 33.560000
12.000000 33.560000
13.000000 33.560000
14.000000 33.560000
15.000000 33.560000
16.000000 33.560000
17.000000 33.560000
18.000000 33.560000
19.000000 33.560000
20.000000 33.560000
21.000000 33.560000
22.000000 33.560000
23.000000 33.560000
24.000000 33.560000
25.000000 33.560000
26.000000 33.560000
27.000000 33.560000
28.000000 33.560000
29.000000 33.560000
30.000000 33.560000
31.000000 33.560000
32.000000 33.560000
33.000000 33.560000
34.000000 33.560000
35.000000 33.560000
36.000000 33.560000
37.000000 33.560000
38.000000 33.560000
39.000000 33.500000
40.000000 33.500000
41.000000 33.560000
42.000000 33.560000
43.000000 33.500000
44.000000 33.500000
45.000000 33.500000
46.000000 33.500000
47.000000 33.500000
48.000000 33.500000
49.000000 33.430000
50.000000 33.430000
51.000000 33.430000
52.000000 33.430000
53.000000 33.430000
54.000000 33.430000
55.000000 33.430000
56.000000 33.430000
57.000000 33.430000
58.000000 33.430000
59.000000 33.370000
60.000000 33.370000
61.000000 33.370000
62.000000 33.370000
63.000000 33.370000
64.000000 33.370000
65.000000 33.370000
66.000000 33.370000
67.000000 33.370000
68.000000 33.370000
69.000000 33.370000
70.000000 33.370000
71.000000 33.370000
72.000000 33.370000
73.000000 33.370000
74.000000 33.370000
75.000000 33.370000
76.000000 33.370000
77.000000 33.430000
78.000000 33.430000
79.000000 33.430000
80.000000 33.430000
81.000000 33.430000
82.000000 33.430000
83.000000 33.430000
84.000000 33.500000
85.000000 33.500000
86.000000 33.500000
87.000000 33.500000
88.000000 33.500000
89.000000 33.500000
90.000000 33.500000
91.000000 33.500000
92.000000 33.500000
93.000000 33.500000
94.000000 33.500000
95.000000 33.500000
96.000000 33.430000
97.000000 33.430000
98.000000 33.430000
99.000000 33.430000
100.000000 33.430000
101.000000 33.430000
102.000000 33.430000
103.000000 33.370000
104.000000 33.370000
105.000000 33.370000
106.000000 33.310000
107.000000 33.370000
108.000000 33.310000
109.000000 33.310000
110.000000 33.310000
111.000000 33.370000
112.000000 33.370000
113.000000 33.370000
114.000000 33.430000
115.000000 33.430000
116.000000 33.500000
117.000000 33.560000
118.000000 33.560000
119.000000 33.620000
120.000000 33.620000
121.000000 33.620000
122.000000 33.680000
123.000000 33.680000
124.000000 33.750000
125.000000 33.750000
126.000000 33.810000
127.000000 33.870000
128.000000 33.870000
129.000000 33.930000
130.000000 34.000000
131.000000 34.060000
132.000000 34.120000
133.000000 34.120000
134.000000 34.180000
135.000000 34.250000
136.000000 34.250000
137.000000 34.310000
138.000000 34.370000
139.000000 34.430000
140.000000 34.430000
141.000000 34.500000
142.000000 34.560000
143.000000 34.560000
144.000000 34.620000
145.000000 34.680000
146.000000 34.680000
147.000000 34.750000
148.000000 34.750000
149.000000 34.810000
150.000000 34.870000
151.000000 34.930000
152.000000 34.930000
153.000000 35.000000
154.000000 35.060000
155.000000 35.060000
156.000000 35.120000
157.000000 35.120000
158.000000 35.180000
159.000000 35.180000
160.000000 35.250000
161.000000 35.310000
162.000000 35.310000
163.000000 35.370000
164.000000 35.430000
165.000000 35.430000
166.000000 35.500000
167.000000 35.500000
168.000000 35.560000
169.000000 35.620000
170.000000 35.620000
171.000000 35.620000
172.000000 35.680000
173.000000 35.680000
174.000000 35.750000
175.000000 35.750000
176.000000 35.810000
177.000000 35.810000
178.000000 35.810000
179.000000 35.870000
180.000000 35.870000
181.000000 35.870000
182.000000 35.930000
183.000000 35.930000
184.000000 35.930000
185.000000 36.000000
186.000000 36.000000
187.000000 36.000000
188.000000 36.060000
189.000000 36.060000
190.000000 36.120000
191.000000 36.120000
192.000000 36.120000
193.000000 36.120000
194.000000 36.180000
195.000000 36.180000
196.000000 36.180000
197.000000 36.250000
198.000000 36.250000
199.000000 36.250000
200.000000 36.310000
201.000000 36.370000
202.000000 36.370000
203.000000 36.430000
204.000000 36.430000
205.000000 36.430000
206.000000 36.500000
207.000000 36.500000
208.000000 36.500000
209.000000 36.500000
210.000000 36.560000
211.000000 36.560000
212.000000 36.560000
213.000000 36.560000
214.000000 36.560000
215.000000 36.620000
216.000000 36.620000
217.000000 36.620000
218.000000 36.620000
219.000000 36.620000
220.000000 36.620000
221.000000 36.620000
222.000000 36.620000
223.000000 36.620000
224.000000 36.680000
225.000000 36.620000
226.000000 36.680000
227.000000 36.680000
228.000000 36.680000
229.000000 36.680000
230.000000 36.750000
231.000000 36.750000
232.000000 36.750000
233.000000 36.750000
234.000000 36.810000
235.000000 36.810000
236.000000 36.810000
237.000000 36.810000
238.000000 36.810000
239.000000 36.870000
240.000000 36.870000
241.000000 36.870000
242.000000 36.870000
243.000000 36.930000
244.000000 36.930000
245.000000 36.930000
246.000000 36.930000
247.000000 36.930000
248.000000 37.000000
249.000000 37.000000
250.000000 37.000000
251.000000 37.000000
252.000000 37.060000
253.000000 37.060000
254.000000 37.060000
255.000000 37.060000
256.000000 37.120000
257.000000 37.120000
258.000000 37.120000
259.000000 37.120000
260.000000 37.120000
261.000000 37.120000
262.000000 37.120000
263.000000 37.120000
264.000000 37.120000
265.000000 37.120000
266.000000 37.180000
267.000000 37.180000
268.000000 37.180000
269.000000 37.180000
270.000000 37.180000
271.000000 37.180000
272.000000 37.180000
273.000000 37.250000
274.000000 37.250000
275.000000 37.250000
276.000000 37.250000
277.000000 37.250000
278.000000 37.250000
279.000000 37.250000
280.000000 37.250000
281.000000 37.250000
282.000000 37.250000
283.000000 37.250000
284.000000 37.250000
285.000000 37.250000
286.000000 37.250000
287.000000 37.250000
288.000000 37.250000
289.000000 37.250000
290.000000 37.250000
291.000000 37.250000
292.000000 37.250000
293.000000 37.250000
294.000000 37.250000
295.000000 37.250000
296.000000 37.250000
297.000000 37.250000
298.000000 37.310000
299.000000 37.310000
300.000000 37.310000
301.000000 37.310000
302.000000 37.310000
303.000000 37.370000
304.000000 37.370000
305.000000 37.370000
306.000000 37.370000
307.000000 37.370000
308.000000 37.430000
309.000000 37.430000
310.000000 37.430000
311.000000 37.430000
312.000000 37.430000
313.000000 37.430000
314.000000 37.370000
315.000000 37.370000
316.000000 37.430000
317.000000 37.430000
318.000000 37.430000
319.000000 37.430000
320.000000 37.430000
321.000000 37.430000
322.000000 37.430000
323.000000 37.500000
324.000000 37.500000
325.000000 37.500000
326.000000 37.500000
327.000000 37.560000
328.000000 37.560000
329.000000 37.560000
330.000000 37.560000
331.000000 37.560000
332.000000 37.560000
333.000000 37.560000
334.000000 37.560000
335.000000 37.560000
336.000000 37.560000
337.000000 37.560000
338.000000 37.560000
339.000000 37.560000
340.000000 37.560000
341.000000 37.560000
342.000000 37.560000
343.000000 37.620000
344.000000 37.620000
345.000000 37.620000
346.000000 37.560000
347.000000 37.560000
348.000000 37.560000
349.000000 37.560000
350.000000 37.560000
351.000000 37.560000
352.000000 37.560000
353.000000 37.560000
354.000000 37.560000
355.000000 37.560000
356.000000 37.560000
357.000000 37.560000
358.000000 37.560000
359.000000 37.560000
360.000000 37.560000
361.000000 37.560000
362.000000 37.560000
363.000000 37.560000
364.000000 37.560000
365.000000 37.560000
366.000000 37.620000
367.000000 37.620000
368.000000 37.620000
369.000000 37.620000
370.000000 37.620000
371.000000 37.560000
372.000000 37.560000
373.000000 37.560000
374.000000 37.560000
375.000000 37.560000
376.000000 37.560000
377.000000 37.560000
378.000000 37.560000
379.000000 37.620000
380.000000 37.620000
381.000000 37.620000
382.000000 37.620000
383.000000 37.620000
384.000000 37.620000
385.000000 37.620000
386.000000 37.620000
387.000000 37.620000
388.000000 37.620000
389.000000 37.560000
390.000000 37.560000
391.000000 37.560000
392.000000 37.620000
393.000000 37.620000
394.000000 37.620000
395.000000 37.620000
396.000000 37.620000
397.000000 37.620000
398.000000 37.620000
399.000000 37.680000
400.000000 37.680000
401.000000 37.680000
402.000000 37.680000
403.000000 37.680000
404.000000 37.680000
405.000000 37.680000
406.000000 37.680000
407.000000 37.680000
408.000000 37.680000
409.000000 37.750000
410.000000 37.750000
411.000000 37.810000
412.000000 37.810000
413.000000 37.870000
414.000000 37.870000
415.000000 37.930000
416.000000 37.930000
417.000000 37.930000
418.000000 38.000000
419.000000 38.060000
420.000000 38.060000
421.000000 38.120000
422.000000 38.180000
423.000000 38.250000
424.000000 38.310000
425.000000 38.310000
426.000000 38.370000
427.000000 38.430000
428.000000 38.500000
429.000000 38.500000
430.000000 38.560000
431.000000 38.560000
432.000000 38.620000
433.000000 38.620000
434.000000 38.680000
435.000000 38.750000
436.000000 38.750000
437.000000 38.810000
438.000000 38.870000
439.000000 38.870000
440.000000 38.930000
441.000000 38.930000
442.000000 39.000000
443.000000 39.000000
444.000000 39.060000
445.000000 39.060000
446.000000 39.120000
447.000000 39.180000
448.000000 39.250000
449.000000 39.250000
450.000000 39.310000
451.000000 39.310000
452.000000 39.370000
453.000000 39.430000
454.000000 39.430000
455.000000 39.500000
456.000000 39.560000
457.000000 39.560000
458.000000 39.620000
459.000000 39.620000
460.000000 39.680000
461.000000 39.750000
462.000000 39.810000
463.000000 39.810000
464.000000 39.870000
465.000000 39.870000
466.000000 39.870000
467.000000 39.930000
468.000000 39.930000
469.000000 40.000000
470.000000 40.000000
471.000000 40.060000
472.000000 40.060000
473.000000 40.120000
474.000000 40.120000
475.000000 40.180000
476.000000 40.250000
477.000000 40.250000
478.000000 40.310000
479.000000 40.370000
480.000000 40.370000
481.000000 40.430000
482.000000 40.430000
483.000000 40.430000
484.000000 40.500000
485.000000 40.500000
486.000000 40.500000
487.000000 40.560000
488.000000 40.500000
489.000000 40.560000
490.000000 40.560000
491.000000 40.560000
492.000000 40.560000
493.000000 40.560000
494.000000 40.620000
495.000000 40.620000
496.000000 40.620000
497.000000 40.680000
498.000000 40.680000
499.000000 40.680000
500.000000 40.680000
501.000000 40.750000
502.000000 40.750000
503.000000 40.750000
504.000000 40.750000
505.000000 40.750000
506.000000 40.750000
507.000000 40.810000
508.000000 40.810000
509.000000 40.870000
510.000000 40.870000
511.000000 40.870000
512.000000 40.930000
513.000000 40.930000
514.000000 41.000000
515.000000 41.000000
516.000000 41.000000
517.000000 41.060000
518.000000 41.060000
519.000000 41.120000
520.000000 41.120000
521.000000 41.180000
522.000000 41.180000
523.000000 41.180000
524.000000 41.250000
525.000000 41.250000
526.000000 41.250000
527.000000 41.250000
528.000000 41.310000
529.000000 41.310000
530.000000 41.310000
531.000000 41.310000
532.000000 41.250000
533.000000 41.250000
534.000000 41.250000
535.000000 41.250000
536.000000 41.250000
537.000000 41.310000
538.000000 41.310000
539.000000 41.370000
540.000000 41.370000
541.000000 41.370000
542.000000 41.430000
543.000000 41.430000
544.000000 41.430000
545.000000 41.430000
546.000000 41.430000
547.000000 41.430000
548.000000 41.370000
549.000000 41.370000
550.000000 41.370000
551.000000 41.370000
552.000000 41.370000
553.000000 41.370000
554.000000 41.370000
555.000000 41.430000
556.000000 41.500000
557.000000 41.500000
558.000000 41.500000
559.000000 41.500000
560.000000 41.500000
561.000000 41.560000
562.000000 41.560000
563.000000 41.560000
564.000000 41.560000
565.000000 41.560000
566.000000 41.560000
567.000000 41.560000
568.000000 41.560000
569.000000 41.560000
570.000000 41.560000
571.000000 41.560000
572.000000 41.560000
573.000000 41.620000
574.000000 41.620000
575.000000 41.620000
576.000000 41.620000
577.000000 41.620000
578.000000 41.620000
579.000000 41.680000
580.000000 41.680000
581.000000 41.680000
582.000000 41.680000
583.000000 41.680000
584.000000 41.680000
585.000000 41.680000
586.000000 41.680000
587.000000 41.680000
588.000000 41.680000
589.000000 41.680000
590.000000 41.680000
591.000000 41.620000
592.000000 41.620000
593.000000 41.620000
594.000000 41.620000
595.000000 41.680000
596.000000 41.680000
597.000000 41.680000
598.000000 41.680000
599.000000 41.680000
600.000000 41.680000
601.000000 41.750000
602.000000 41.750000
603.000000 41.750000
604.000000 41.750000
605.000000 41.750000
606.000000 41.750000
607.000000 41.750000
608.000000 41.750000
609.000000 41.750000
610.000000 41.750000
611.000000 41.750000
612.000000 41.750000
613.000000 41.750000
614.000000 41.750000
615.000000 41.750000
616.000000 41.750000
617.000000 41.810000
618.000000 41.810000
619.000000 41.810000
620.000000 41.810000
621.000000 41.810000
622.000000 41.810000
623.000000 41.810000
624.000000 41.750000
625.000000 41.750000
626.000000 41.750000
627.000000 41.750000
628.000000 41.750000
629.000000 41.750000
630.000000 41.750000
631.000000 41.750000
632.000000 41.810000
633.000000 41.810000
634.000000 41.870000
635.000000 41.870000
636.000000 41.870000
637.000000 41.870000
638.000000 41.870000
639.000000 41.870000
640.000000 41.870000
641.000000 41.870000
642.000000 41.870000
643.000000 41.870000
644.000000 41.870000
645.000000 41.870000
646.000000 41.870000
647.000000 41.870000
648.000000 41.870000
649.000000 41.870000
650.000000 41.870000
651.000000 41.870000
652.000000 41.870000
653.000000 41.870000
654.000000 41.870000
655.000000 41.930000
656.000000 41.930000
657.000000 41.930000
658.000000 41.930000
659.000000 42.000000
660.000000 42.000000
661.000000 42.000000
662.000000 42.000000
663.000000 42.000000
664.000000 42.000000
665.000000 42.060000
666.000000 42.060000
667.000000 42.000000
668.000000 42.060000
669.000000 42.060000
670.000000 42.060000
671.000000 42.060000
672.000000 42.060000
673.000000 42.060000
674.000000 42.060000
675.000000 42.060000
676.000000 42.120000
677.000000 42.120000
678.000000 42.060000
679.000000 42.060000
680.000000 42.060000
681.000000 42.060000
682.000000 42.060000
683.000000 42.060000
684.000000 42.120000
685.000000 42.120000
686.000000 42.120000
687.000000 42.060000
688.000000 42.060000
689.000000 42.060000
690.000000 42.060000
691.000000 42.000000
692.000000 42.000000
693.000000 42.000000
694.000000 42.060000
695.000000 42.060000
696.000000 42.060000
697.000000 42.060000
698.000000 42.120000
699.000000 42.120000
700.000000 42.120000
701.000000 42.120000
702.000000 42.120000
703.000000 42.120000
704.000000 42.120000
705.000000 42.120000
706.000000 42.120000
707.000000 42.180000
708.000000 42.180000
709.000000 42.180000
710.000000 42.180000
711.000000 42.180000
712.000000 42.180000
713.000000 42.180000
714.000000 42.180000
715.000000 42.250000
716.000000 42.250000
717.000000 42.310000
718.000000 42.370000
719.000000 42.430000
720.000000 42.500000
721.000000 42.560000
722.000000 42.560000
723.000000 42.620000
724.000000 42.680000
725.000000 42.680000
726.000000 42.750000
727.000000 42.810000
728.000000 42.810000
729.000000 42.870000
730.000000 42.930000
731.000000 43.000000
732.000000 43.060000
733.000000 43.120000
734.000000 43.180000
735.000000 43.250000
736.000000 43.250000
737.000000 43.310000
738.000000 43.370000
739.000000 43.430000
740.000000 43.430000
741.000000 43.500000
742.000000 43.500000
743.000000 43.560000
744.000000 43.620000
745.000000 43.620000
746.000000 43.680000
747.000000 43.750000
748.000000 43.750000
749.000000 43.810000
750.000000 43.870000
751.000000 43.930000
752.000000 43.930000
753.000000 44.000000
754.000000 44.060000
755.000000 44.120000
756.000000 44.120000
757.000000 44.120000
758.000000 44.180000
759.000000 44.180000
760.000000 44.180000
761.000000 44.250000
762.000000 44.250000
763.000000 44.250000
764.000000 44.250000
765.000000 44.250000
766.000000 44.310000
767.000000 44.310000
768.000000 44.370000
769.000000 44.430000
770.000000 44.430000
771.000000 44.500000
772.000000 44.500000
773.000000 44.500000
774.000000 44.500000
775.000000 44.560000
776.000000 44.560000
777.000000 44.620000
778.000000 44.620000
779.000000 44.620000
780.000000 44.680000
781.000000 44.680000
782.000000 44.680000
783.000000 44.750000
784.000000 44.810000
785.000000 44.810000
786.000000 44.810000
787.000000 44.810000
788.000000 44.870000
789.000000 44.870000
790.000000 44.930000
791.000000 44.930000
792.000000 44.930000
793.000000 44.930000
794.000000 44.930000
795.000000 44.930000
796.000000 45.000000
797.000000 45.000000
798.000000 45.060000
799.000000 45.060000
800.000000 45.060000
801.000000 45.060000
802.000000 45.120000
803.000000 45.180000
804.000000 45.180000
805.000000 45.250000
806.000000 45.250000
807.000000 45.250000
808.000000 45.250000
809.000000 45.250000
810.000000 45.310000
811.000000 45.310000
812.000000 45.310000
813.000000 45.370000
814.000000 45.370000
815.000000 45.370000
816.000000 45.370000
817.000000 45.430000
818.000000 45.430000
819.000000 45.430000
820.000000 45.430000
821.000000 45.430000
822.000000 45.430000
823.000000 45.430000
824.000000 45.430000
825.000000 45.500000
826.000000 45.500000
827.000000 45.500000
828.000000 45.560000
829.000000 45.620000
830.000000 45.620000
831.000000 45.620000
832.000000 45.620000
833.000000 45.620000
834.000000 45.620000
835.000000 45.620000
836.000000 45.680000
837.000000 45.680000
838.000000 45.680000
839.000000 45.680000
840.000000 45.680000
841.000000 45.680000
842.000000 45.680000
843.000000 45.680000
844.000000 45.680000
845.000000 45.680000
846.000000 45.750000
847.000000 45.750000
848.000000 45.750000
849.000000 45.750000
850.000000 45.750000
851.000000 45.750000
852.000000 45.810000
853.000000 45.810000
854.000000 45.810000
855.000000 45.810000
856.000000 45.810000
857.000000 45.810000
858.000000 45.810000
859.000000 45.810000
860.000000 45.810000
861.000000 45.870000
862.000000 45.870000
863.000000 45.870000
864.000000 45.930000
865.000000 45.930000
866.000000 45.930000
867.000000 46.000000
868.000000 46.000000
869.000000 46.000000
870.000000 46.000000
871.000000 46.000000
872.000000 46.060000
873.000000 46.060000
874.000000 46.060000
875.000000 46.060000
876.000000 46.060000
877.000000 46.060000
878.000000 46.060000
879.000000 46.060000
880.000000 46.060000
881.000000 46.060000
882.000000 46.120000
883.000000 46.120000
884.000000 46.120000
885.000000 46.180000
886.000000 46.180000
887.000000 46.120000
888.000000 46.120000
889.000000 46.180000
890.000000 46.120000
891.000000 46.120000
892.000000 46.180000
893.000000 46.180000
894.000000 46.180000
895.000000 46.180000
896.000000 46.180000
897.000000 46.180000
898.000000 46.180000
899.000000 46.120000
900.000000 46.120000
901.000000 46.180000
902.000000 46.180000
903.000000 46.180000
904.000000 46.180000
905.000000 46.120000
906.000000 46.120000
907.000000 46.120000
908.000000 46.120000
909.000000 46.120000
910.000000 46.060000
911.000000 46.120000
912.000000 46.120000
913.000000 46.120000
914.000000 46.120000
915.000000 46.180000
916.000000 46.180000
917.000000 46.180000
918.000000 46.180000
919.000000 46.180000
920.000000 46.180000
921.000000 46.250000
922.000000 46.250000
923.000000 46.250000
924.000000 46.250000
925.000000 46.250000
926.000000 46.250000
927.000000 46.310000
928.000000 46.310000
929.000000 46.310000
930.000000 46.310000
931.000000 46.310000
932.000000 46.310000
933.000000 46.310000
934.000000 46.250000
935.000000 46.250000
936.000000 46.250000
937.000000 46.250000
938.000000 46.250000
939.000000 46.250000
940.000000 46.250000
941.000000 46.310000
942.000000 46.310000
943.000000 46.310000
944.000000 46.310000
945.000000 46.310000
946.000000 46.370000
947.000000 46.370000
948.000000 46.370000
949.000000 46.430000
950.000000 46.430000
951.000000 46.430000
952.000000 46.430000
953.000000 46.430000
954.000000 46.430000
955.000000 46.430000
956.000000 46.430000
957.000000 46.430000
958.000000 46.430000
959.000000 46.430000
960.000000 46.430000
961.000000 46.430000
962.000000 46.430000
963.000000 46.430000
964.000000 46.430000
965.000000 46.500000
966.000000 46.500000
967.000000 46.500000
968.000000 46.500000
969.000000 46.500000
970.000000 46.500000
971.000000 46.500000
972.000000 46.500000
973.000000 46.500000
974.000000 46.500000
975.000000 46.430000
976.000000 46.430000
977.000000 46.430000
978.000000 46.430000
979.000000 46.500000
980.000000 46.500000
981.000000 46.560000
982.000000 46.560000
983.000000 46.560000
984.000000 46.560000
985.000000 46.560000
986.000000 46.560000
987.000000 46.560000
988.000000 46.560000
989.000000 46.560000
990.000000 46.560000
991.000000 46.560000
992.000000 46.560000
993.000000 46.500000
994.000000 46.500000
995.000000 46.500000
996.000000 46.500000
997.000000 46.560000
998.000000 46.620000
999.000000 46.620000
1000.000000 46.680000
1001.000000 46.680000
1002.000000 46.750000
1003.000000 46.750000
1004.000000 46.750000
1005.000000 46.810000
1006.000000 46.810000
1007.000000 46.810000
1008.000000 46.750000
1009.000000 46.750000
1010.000000 46.810000
1011.000000 46.810000
1012.000000 46.810000
1013.000000 46.810000
1014.000000 46.810000
1015.000000 46.870000
1016.000000 46.810000
1017.000000 46.870000
1018.000000 46.870000
1019.000000 46.870000
1020.000000 46.870000
1021.000000 46.870000
1022.000000 46.930000
1023.000000 46.930000
1024.000000 46.930000
1025.000000 47.000000
1026.000000 47.000000
1027.000000 47.000000
1028.000000 47.060000
1029.000000 47.060000
1030.000000 47.060000
1031.000000 47.060000
1032.000000 47.120000
1033.000000 47.180000
1034.000000 47.180000
1035.000000 47.250000
1036.000000 47.250000
1037.000000 47.310000
1038.000000 47.310000
1039.000000 47.310000
1040.000000 47.310000
1041.000000 47.370000
1042.000000 47.430000
1043.000000 47.430000
1044.000000 47.430000
1045.000000 47.500000
1046.000000 47.500000
1047.000000 47.560000
1048.000000 47.620000
1049.000000 47.620000
1050.000000 47.620000
1051.000000 47.680000
1052.000000 47.680000
1053.000000 47.680000
1054.000000 47.750000
1055.000000 47.750000
1056.000000 47.810000
1057.000000 47.810000
1058.000000 47.870000
1059.000000 47.870000
1060.000000 47.870000
1061.000000 47.870000
1062.000000 47.870000
1063.000000 47.870000
1064.000000 47.870000
1065.000000 47.930000
1066.000000 47.930000
1067.000000 47.930000
1068.000000 47.930000
1069.000000 47.930000
1070.000000 48.000000
1071.000000 48.000000
1072.000000 48.060000
1073.000000 48.060000
1074.000000 48.060000
1075.000000 48.060000
1076.000000 48.060000
1077.000000 48.060000
1078.000000 48.060000
1079.000000 48.060000
1080.000000 48.060000
1081.000000 48.060000
1082.000000 48.000000
1083.000000 48.000000
1084.000000 48.060000
1085.000000 48.000000
1086.000000 48.000000
1087.000000 48.060000
1088.000000 48.060000
1089.000000 48.120000
1090.000000 48.120000
1091.000000 48.180000
1092.000000 48.180000
1093.000000 48.250000
1094.000000 48.250000
1095.000000 48.310000
1096.000000 48.310000
1097.000000 48.370000
1098.000000 48.370000
1099.000000 48.370000
1100.000000 48.430000
1101.000000 48.430000
1102.000000 48.500000
1103.000000 48.500000
1104.000000 48.500000
1105.000000 48.500000
1106.000000 48.500000
1107.000000 48.500000
1108.000000 48.560000
1109.000000 48.560000
1110.000000 48.560000
1111.000000 48.500000
1112.000000 48.430000
1113.000000 48.430000
1114.000000 48.430000
1115.000000 48.430000
1116.000000 48.430000
1117.000000 48.430000
1118.000000 48.430000
1119.000000 48.430000
1120.000000 48.430000
1121.000000 48.430000
1122.000000 48.430000
1123.000000 48.430000
1124.000000 48.430000
1125.000000 48.500000
1126.000000 48.500000
1127.000000 48.560000
1128.000000 48.560000
1129.000000 48.560000
1130.000000 48.620000
1131.000000 48.620000
1132.000000 48.680000
1133.000000 48.680000
1134.000000 48.680000
1135.000000 48.750000
1136.000000 48.750000
1137.000000 48.750000
1138.000000 48.750000
1139.000000 48.750000
1140.000000 48.750000
1141.000000 48.750000
1142.000000 48.750000
1143.000000 48.750000
1144.000000 48.750000
1145.000000 48.750000
1146.000000 48.750000
1147.000000 48.750000
1148.000000 48.750000
1149.000000 48.750000
1150.000000 48.750000
1151.000000 48.750000
1152.000000 48.750000
1153.000000 48.750000
1154.000000 48.750000
1155.000000 48.750000
1156.000000 48.680000
1157.000000 48.680000
1158.000000 48.680000
1159.000000 48.680000
1160.000000 48.680000
1161.000000 48.680000
1162.000000 48.620000
1163.000000 48.620000
1164.000000 48.620000
1165.000000 48.620000
1166.000000 48.620000
1167.000000 48.680000
1168.000000 48.680000
1169.000000 48.680000
1170.000000 48.680000
1171.000000 48.680000
1172.000000 48.620000
1173.000000 48.620000
1174.000000 48.620000
1175.000000 48.620000
1176.000000 48.620000
1177.000000 48.620000
1178.000000 48.620000
1179.000000 48.680000
1180.000000 48.680000
1181.000000 48.680000
1182.000000 48.680000
1183.000000 48.680000
1184.000000 48.680000
1185.000000 48.680000
1186.000000 48.680000
1187.000000 48.620000
1188.000000 48.680000
1189.000000 48.680000
1190.000000 48.680000
1191.000000 48.680000
1192.000000 48.680000
1193.000000 48.750000
1194.000000 48.750000
1195.000000 48.810000
1196.000000 48.810000
1197.000000 48.810000
1198.000000 48.810000
1199.000000 48.810000
1200.000000 48.810000
1201.000000 48.810000
1202.000000 48.810000
1203.000000 48.810000
1204.000000 48.810000
1205.000000 48.810000
1206.000000 48.810000
1207.000000 48.810000
1208.000000 48.750000
1209.000000 48.750000
1210.000000 48.750000
1211.000000 48.750000
1212.000000 48.810000
1213.000000 48.810000
1214.000000 48.810000
1215.000000 48.810000
1216.000000 48.810000
1217.000000 48.810000
1218.000000 48.810000
1219.000000 48.810000
1220.000000 48.810000
1221.000000 48.810000
1222.000000 48.870000
1223.000000 48.810000
1224.000000 48.810000
1225.000000 48.870000
1226.000000 48.870000
1227.000000 48.870000
1228.000000 48.870000
1229.000000 48.870000
1230.000000 48.870000
1231.000000 48.930000
1232.000000 48.930000
1233.000000 48.930000
1234.000000 48.930000
1235.000000 48.930000
1236.000000 48.930000
1237.000000 49.000000
1238.000000 49.000000
1239.000000 49.000000
1240.000000 49.000000
1241.000000 49.000000
1242.000000 49.060000
1243.000000 49.060000
1244.000000 49.120000
1245.000000 49.120000
1246.000000 49.180000
1247.000000 49.120000
1248.000000 49.120000
1249.000000 49.120000
1250.000000 49.120000
1251.000000 49.120000
1252.000000 49.120000
1253.000000 49.120000
1254.000000 49.120000
1255.000000 49.120000
1256.000000 49.120000
1257.000000 49.120000
1258.000000 49.180000
1259.000000 49.180000
1260.000000 49.180000
1261.000000 49.180000
1262.000000 49.180000
1263.000000 49.180000
1264.000000 49.250000
1265.000000 49.250000
1266.000000 49.250000
1267.000000 49.250000
1268.000000 49.250000
1269.000000 49.310000
1270.000000 49.310000
1271.000000 49.310000
1272.000000 49.310000
1273.000000 49.310000
1274.000000 49.310000
1275.000000 49.310000
1276.000000 49.310000
1277.000000 49.310000
1278.000000 49.250000
1279.000000 49.250000
1280.000000 49.250000
1281.000000 49.250000
1282.000000 49.180000
1283.000000 49.180000
1284.000000 49.180000
1285.000000 49.120000
1286.000000 49.120000
1287.000000 49.120000
1288.000000 49.180000
1289.000000 49.180000
1290.000000 49.180000
1291.000000 49.250000
1292.000000 49.250000
1293.000000 49.250000
1294.000000 49.250000
1295.000000 49.180000
1296.000000 49.120000
1297.000000 49.120000
1298.000000 49.120000
1299.000000 49.120000
1300.000000 49.120000
1301.000000 49.120000
1302.000000 49.120000
1303.000000 49.120000
1304.000000 49.120000
1305.000000 49.120000
1306.000000 49.120000
1307.000000 49.060000
1308.000000 49.060000
1309.000000 49.120000
1310.000000 49.120000
1311.000000 49.120000
1312.000000 49.180000
1313.000000 49.180000
1314.000000 49.250000
1315.000000 49.250000
1316.000000 49.250000
1317.000000 49.250000
1318.000000 49.250000
1319.000000 49.310000
1320.000000 49.310000
1321.000000 49.370000
1322.000000 49.430000
1323.000000 49.430000
1324.000000 49.430000
1325.000000 49.500000
1326.000000 49.500000
1327.000000 49.560000
1328.000000 49.560000
1329.000000 49.560000
1330.000000 49.560000
1331.000000 49.560000
1332.000000 49.560000
1333.000000 49.560000
1334.000000 49.620000
1335.000000 49.620000
1336.000000 49.620000
1337.000000 49.620000
1338.000000 49.620000
1339.000000 49.680000
1340.000000 49.680000
1341.000000 49.680000
1342.000000 49.750000
1343.000000 49.750000
1344.000000 49.750000
1345.000000 49.810000
1346.000000 49.810000
1347.000000 49.810000
1348.000000 49.810000
1349.000000 49.810000
1350.000000 49.810000
1351.000000 49.810000
1352.000000 49.810000
1353.000000 49.810000
1354.000000 49.870000
1355.000000 49.870000
1356.000000 49.870000
1357.000000 49.870000
1358.000000 49.930000
1359.000000 49.930000
1360.000000 50.000000
1361.000000 50.000000
1362.000000 50.060000
1363.000000 50.060000
1364.000000 50.060000
1365.000000 50.060000
1366.000000 50.120000
1367.000000 50.120000
1368.000000 50.180000
1369.000000 50.250000
1370.000000 50.250000
1371.000000 50.250000
1372.000000 50.250000
1373.000000 50.250000
1374.000000 50.250000
1375.000000 50.310000
1376.000000 50.310000
1377.000000 50.370000
1378.000000 50.370000
1379.000000 50.370000
1380.000000 50.430000
1381.000000 50.430000
1382.000000 50.500000
1383.000000 50.500000
1384.000000 50.560000
1385.000000 50.560000
1386.000000 50.620000
1387.000000 50.620000
1388.000000 50.620000
1389.000000 50.620000
1390.000000 50.620000
1391.000000 50.620000
1392.000000 50.620000
1393.000000 50.620000
1394.000000 50.620000
1395.000000 50.680000
1396.000000 50.750000
1397.000000 50.750000
1398.000000 50.810000
1399.000000 50.810000
1400.000000 50.810000
1401.000000 50.870000
1402.000000 50.870000
1403.000000 50.870000
1404.000000 50.870000
1405.000000 50.930000
1406.000000 50.930000
1407.000000 51.000000
1408.000000 51.000000
1409.000000 51.000000
1410.000000 51.060000
1411.000000 51.060000
1412.000000 51.060000
1413.000000 51.060000
1414.000000 51.060000
1415.000000 51.060000
1416.000000 51.000000
1417.000000 51.000000
1418.000000 51.000000
1419.000000 51.000000
1420.000000 50.930000
1421.000000 50.930000
1422.000000 50.930000
1423.000000 50.930000
1424.000000 50.870000
1425.000000 50.870000
1426.000000 50.930000
1427.000000 50.930000
1428.000000 50.930000
1429.000000 50.930000
1430.000000 50.930000
1431.000000 50.930000
1432.000000 50.930000
1433.000000 50.930000
1434.000000 50.930000
1435.000000 50.930000
1436.000000 50.870000
1437.000000 50.870000
1438.000000 50.870000
1439.000000 50.870000
1440.000000 50.870000
1441.000000 50.870000
1442.000000 50.870000
1443.000000 50.870000
1444.000000 50.930000
1445.000000 50.930000
1446.000000 50.930000
1447.000000 50.930000
1448.000000 50.930000
1449.000000 50.930000
1450.000000 50.930000
1451.000000 50.930000
1452.000000 50.930000
1453.000000 50.930000
1454.000000 51.000000
1455.000000 51.000000
1456.000000 51.060000
1457.000000 51.120000
1458.000000 51.120000
1459.000000 51.120000
1460.000000 51.060000
1461.000000 51.060000
1462.000000 51.060000
1463.000000 51.060000
1464.000000 51.060000
1465.000000 51.120000
1466.000000 51.120000
1467.000000 51.120000
1468.000000 51.120000
1469.000000 51.120000
1470.000000 51.120000
1471.000000 51.120000
1472.000000 51.180000
1473.000000 51.180000
1474.000000 51.180000
1475.000000 51.180000
1476.000000 51.250000
1477.000000 51.250000
1478.000000 51.250000
1479.000000 51.250000
1480.000000 51.310000
1481.000000 51.250000
1482.000000 51.250000
1483.000000 51.250000
1484.000000 51.180000
1485.000000 51.180000
1486.000000 51.180000
1487.000000 51.180000
1488.000000 51.180000
1489.000000 51.250000
1490.000000 51.250000
1491.000000 51.180000
1492.000000 51.250000
1493.000000 51.250000
1494.000000 51.250000
1495.000000 51.310000
1496.000000 51.310000
1497.000000 51.370000
1498.000000 51.370000
1499.000000 51.370000
1500.000000 51.370000
1501.000000 51.370000
1502.000000 51.370000
1503.000000 51.370000
1504.000000 51.310000
1505.000000 51.310000
1506.000000 51.250000
1507.000000 51.250000
1508.000000 51.250000
1509.000000 51.250000
1510.000000 51.250000
1511.000000 51.250000
1512.000000 51.250000
1513.000000 51.250000
1514.000000 51.250000
1515.000000 51.250000
1516.000000 51.250000
1517.000000 51.250000
1518.000000 51.250000
1519.000000 51.250000
1520.000000 51.250000
1521.000000 51.180000
1522.000000 51.180000
1523.000000 51.180000
1524.000000 51.180000
1525.000000 51.180000
1526.000000 51.180000
1527.000000 51.180000
1528.000000 51.180000
1529.000000 51.180000
1530.000000 51.250000
1531.000000 51.250000
1532.000000 51.250000
1533.000000 51.250000
1534.000000 51.250000
1535.000000 51.310000
1536.000000 51.250000
1537.000000 51.250000
1538.000000 51.250000
1539.000000 51.250000
1540.000000 51.250000
1541.000000 51.180000
1542.000000 51.180000
1543.000000 51.180000
1544.000000 51.120000
1545.000000 51.120000
1546.000000 51.120000
1547.000000 51.180000
1548.000000 51.180000
1549.000000 51.180000
1550.000000 51.180000
1551.000000 51.250000
1552.000000 51.250000
1553.000000 51.250000
1554.000000 51.310000
1555.000000 51.310000
1556.000000 51.310000
1557.000000 51.310000
1558.000000 51.310000
1559.000000 51.310000
1560.000000 51.310000
1561.000000 51.310000
1562.000000 51.250000
1563.000000 51.250000
1564.000000 51.250000
1565.000000 51.250000
1566.000000 51.250000
1567.000000 51.310000
1568.000000 51.310000
1569.000000 51.310000
1570.000000 51.310000
1571.000000 51.310000
1572.000000 51.370000
1573.000000 51.370000
1574.000000 51.370000
1575.000000 51.370000
1576.000000 51.370000
1577.000000 51.370000
1578.000000 51.310000
1579.000000 51.310000
1580.000000 51.310000
1581.000000 51.310000
1582.000000 51.310000
1583.000000 51.310000
1584.000000 51.310000
1585.000000 51.310000
1586.000000 51.310000
1587.000000 51.310000
1588.000000 51.310000
1589.000000 51.310000
1590.000000 51.310000
1591.000000 51.310000
1592.000000 51.310000
1593.000000 51.310000
1594.000000 51.310000
1595.000000 51.370000
1596.000000 51.370000
1597.000000 51.370000
1598.000000 51.370000
1599.000000 51.310000
1600.000000 51.370000
1601.000000 51.370000
1602.000000 51.370000
1603.000000 51.430000
1604.000000 51.430000
1605.000000 51.430000
1606.000000 51.430000
1607.000000 51.430000
1608.000000 51.430000
1609.000000 51.430000
1610.000000 51.430000
1611.000000 51.430000
1612.000000 51.500000
1613.000000 51.500000
1614.000000 51.500000
1615.000000 51.500000
1616.000000 51.500000
1617.000000 51.500000
1618.000000 51.500000
1619.000000 51.560000
1620.000000 51.560000
1621.000000 51.560000
1622.000000 51.560000
1623.000000 51.560000
1624.000000 51.620000
1625.000000 51.620000
1626.000000 51.680000
1627.000000 51.680000
1628.000000 51.680000
1629.000000 51.750000
1630.000000 51.750000
1631.000000 51.810000
1632.000000 51.870000
1633.000000 51.870000
1634.000000 51.930000
1635.000000 51.930000
1636.000000 52.000000
1637.000000 52.000000
1638.000000 52.060000
1639.000000 52.060000
1640.000000 52.120000
1641.000000 52.120000
1642.000000 52.180000
1643.000000 52.180000
1644.000000 52.250000
1645.000000 52.250000
1646.000000 52.250000
1647.000000 52.250000
1648.000000 52.250000
1649.000000 52.250000
1650.000000 52.250000
1651.000000 52.310000
1652.000000 52.310000
1653.000000 52.310000
1654.000000 52.310000
1655.000000 52.370000
1656.000000 52.370000
1657.000000 52.370000
1658.000000 52.370000
1659.000000 52.370000
1660.000000 52.370000
1661.000000 52.370000
1662.000000 52.370000
1663.000000 52.370000
1664.000000 52.430000
1665.000000 52.430000
1666.000000 52.500000
1667.000000 52.560000
1668.000000 52.560000
1669.000000 52.620000
1670.000000 52.620000
1671.000000 52.620000
1672.000000 52.560000
1673.000000 52.560000
1674.000000 52.560000
1675.000000 52.620000
1676.000000 52.620000
1677.000000 52.680000
1678.000000 52.680000
1679.000000 52.680000
1680.000000 52.750000
1681.000000 52.750000
1682.000000 52.810000
1683.000000 52.870000
1684.000000 52.930000
1685.000000 52.930000
1686.000000 52.870000
1687.000000 52.870000
1688.000000 52.870000
1689.000000 52.870000
1690.000000 52.870000
1691.000000 52.870000
1692.000000 52.870000
1693.000000 52.930000
1694.000000 52.930000
1695.000000 52.930000
1696.000000 53.000000
1697.000000 53.000000
1698.000000 53.060000
1699.000000 53.120000
1700.000000 53.120000
1701.000000 53.120000
1702.000000 53.120000
1703.000000 53.120000
1704.000000 53.120000
1705.000000 53.120000
1706.000000 53.120000
1707.000000 53.120000
1708.000000 53.120000
1709.000000 53.120000
1710.000000 53.060000
1711.000000 53.120000
1712.000000 53.120000
1713.000000 53.060000
1714.000000 53.120000
1715.000000 53.120000
1716.000000 53.120000
1717.000000 53.180000
1718.000000 53.250000
1719.000000 53.250000
1720.000000 53.250000
1721.000000 53.250000
1722.000000 53.250000
1723.000000 53.250000
1724.000000 53.250000
1725.000000 53.250000
1726.000000 53.250000
1727.000000 53.250000
1728.000000 53.250000
1729.000000 53.250000
1730.000000 53.310000
1731.000000 53.310000
1732.000000 53.310000
1733.000000 53.310000
1734.000000 53.310000
1735.000000 53.370000
1736.000000 53.310000
1737.000000 53.310000
1738.000000 53.310000
1739.000000 53.310000
1740.000000 53.370000
1741.000000 53.370000
1742.000000 53.370000
1743.000000 53.370000
1744.000000 53.370000
1745.000000 53.370000
1746.000000 53.370000
1747.000000 53.310000
1748.000000 53.310000
1749.000000 53.310000
1750.000000 53.370000
1751.000000 53.370000
1752.000000 53.370000
1753.000000 53.370000
1754.000000 53.430000
1755.000000 53.430000
1756.000000 53.430000
1757.000000 53.500000
1758.000000 53.500000
1759.000000 53.500000
1760.000000 53.500000
1761.000000 53.500000
1762.000000 53.500000
1763.000000 53.560000
1764.000000 53.560000
1765.000000 53.560000
1766.000000 53.560000
1767.000000 53.560000
1768.000000 53.560000
1769.000000 53.560000
1770.000000 53.560000
1771.000000 53.560000
1772.000000 53.500000
1773.000000 53.430000
1774.000000 53.500000
1775.000000 53.430000
1776.000000 53.430000
1777.000000 53.430000
1778.000000 53.430000
1779.000000 53.430000
1780.000000 53.500000
1781.000000 53.500000
1782.000000 53.500000
1783.000000 53.500000
1784.000000 53.560000
1785.000000 53.560000
1786.000000 53.620000
1787.000000 53.620000
1788.000000 53.620000
1789.000000 53.620000
1790.000000 53.680000
1791.000000 53.680000
1792.000000 53.750000
1793.000000 53.750000
1794.000000 53.810000
1795.000000 53.810000
1796.000000 53.810000
1797.000000 53.870000
1798.000000 53.810000
1799.000000 53.810000
1800.000000 53.810000
1801.000000 53.870000
1802.000000 53.870000
1803.000000 53.930000
1804.000000 53.870000
1805.000000 53.870000
1806.000000 53.870000
1807.000000 53.870000
1808.000000 53.810000
1809.000000 53.810000
1810.000000 53.750000
1811.000000 53.750000
1812.000000 53.810000
1813.000000 53.810000
1814.000000 53.810000
1815.000000 53.750000
1816.000000 53.750000
1817.000000 53.810000
1818.000000 53.750000
1819.000000 53.750000
1820.000000 53.750000
1821.000000 53.750000
1822.000000 53.750000
1823.000000 53.750000
1824.000000 53.750000
1825.000000 53.680000
1826.000000 53.680000
1827.000000 53.680000
1828.000000 53.680000
1829.000000 53.620000
1830.000000 53.680000
1831.000000 53.620000
1832.000000 53.680000
1833.000000 53.680000
1834.000000 53.680000
1835.000000 53.680000
1836.000000 53.680000
1837.000000 53.680000
1838.000000 53.680000
1839.000000 53.680000
1840.000000 53.680000
1841.000000 53.680000
1842.000000 53.750000
1843.000000 53.750000
1844.000000 53.810000
1845.000000 53.810000
1846.000000 53.870000
1847.000000 53.870000
1848.000000 53.870000
1849.000000 53.870000
1850.000000 53.870000
1851.000000 53.810000
1852.000000 53.810000
1853.000000 53.750000
1854.000000 53.750000
1855.000000 53.750000
1856.000000 53.750000
1857.000000 53.810000
1858.000000 53.810000
1859.000000 53.870000
1860.000000 53.930000
1861.000000 53.930000
1862.000000 53.930000
1863.000000 53.930000
1864.000000 53.930000
1865.000000 53.930000
1866.000000 53.930000
1867.000000 54.000000
1868.000000 54.000000
1869.000000 54.000000
1870.000000 54.000000
1871.000000 54.000000
1872.000000 54.000000
1873.000000 53.930000
1874.000000 53.930000
1875.000000 53.930000
1876.000000 53.930000
1877.000000 54.000000
1878.000000 54.000000
1879.000000 54.000000
1880.000000 54.000000
1881.000000 54.000000
1882.000000 54.000000
1883.000000 53.930000
1884.000000 53.930000
1885.000000 53.930000
1886.000000 53.930000
1887.000000 53.930000
1888.000000 54.000000
1889.000000 53.930000
1890.000000 53.930000
1891.000000 53.930000
1892.000000 53.930000
1893.000000 53.930000
1894.000000 54.000000
1895.000000 54.000000
1896.000000 54.000000
1897.000000 54.060000
1898.000000 54.060000
1899.000000 54.060000
1900.000000 54.060000
1901.000000 54.060000
1902.000000 54.060000
1903.000000 54.060000
1904.000000 54.060000
1905.000000 54.000000
1906.000000 53.930000
1907.000000 53.930000
1908.000000 53.870000
1909.000000 53.810000
1910.000000 53.750000
1911.000000 53.680000
1912.000000 53.620000
1913.000000 53.500000
1914.000000 53.370000
1915.000000 53.180000
1916.000000 53.000000
1917.000000 52.810000
1918.000000 52.560000
1919.000000 52.310000
1920.000000 52.060000
1921.000000 51.810000
1922.000000 51.560000
1923.000000 51.310000
1924.000000 51.060000
1925.000000 50.750000
1926.000000 50.500000
1927.000000 50.180000
1928.000000 49.930000
1929.000000 49.680000
1930.000000 49.370000
1931.000000 49.120000
1932.000000 48.870000
1933.000000 48.560000
1934.000000 48.250000
