0.000000 46.750000
1.000000 46.750000
2.000000 46.810000
3.000000 46.810000
4.000000 46.810000
5.000000 46.750000
6.000000 46.750000
7.000000 46.750000
8.000000 46.750000
9.000000 46.750000
10.000000 46.750000
11.000000 46.750000
12.000000 46.750000
13.000000 46.750000
14.000000 46.750000
15.000000 46.750000
16.000000 46.750000
17.000000 46.750000
18.000000 46.750000
19.000000 46.750000
20.000000 46.750000
21.000000 46.750000
22.000000 46.810000
23.000000 46.810000
24.000000 46.810000
25.000000 46.810000
26.000000 46.870000
27.000000 46.870000
28.000000 46.930000
29.000000 46.930000
30.000000 47.000000
31.000000 47.000000
32.000000 47.060000
33.000000 47.060000
34.000000 47.120000
35.000000 47.180000
36.000000 47.250000
37.000000 47.310000
38.000000 47.310000
39.000000 47.370000
40.000000 47.430000
41.000000 47.430000
42.000000 47.500000
43.000000 47.500000
44.000000 47.560000
45.000000 47.560000
46.000000 47.560000
47.000000 47.560000
48.000000 47.620000
49.000000 47.680000
50.000000 47.680000
51.000000 47.750000
52.000000 47.750000
53.000000 47.810000
54.000000 47.810000
55.000000 47.810000
56.000000 47.870000
57.000000 47.870000
58.000000 47.870000
59.000000 47.870000
60.000000 47.870000
61.000000 47.930000
62.000000 47.930000
63.000000 48.000000
64.000000 48.000000
65.000000 48.000000
66.000000 48.060000
67.000000 48.060000
68.000000 48.060000
69.000000 48.120000
70.000000 48.120000
71.000000 48.120000
72.000000 48.120000
73.000000 48.120000
74.000000 48.060000
75.000000 48.060000
76.000000 48.060000
77.000000 48.120000
78.000000 48.120000
79.000000 48.180000
80.000000 48.180000
81.000000 48.180000
82.000000 48.120000
83.000000 48.120000
84.000000 48.120000
85.000000 48.120000
86.000000 48.180000
87.000000 48.180000
88.000000 48.250000
89.000000 48.310000
90.000000 48.370000
91.000000 48.370000
92.000000 48.430000
93.000000 48.430000
94.000000 48.430000
95.000000 48.430000
96.000000 48.430000
97.000000 48.500000
98.000000 48.500000
99.000000 48.500000
100.000000 48.500000
101.000000 48.560000
102.000000 48.560000
103.000000 48.560000
104.000000 48.620000
105.000000 48.620000
106.000000 48.560000
107.000000 48.560000
108.000000 48.620000
109.000000 48.620000
110.000000 48.620000
111.000000 48.620000
112.000000 48.620000
113.000000 48.620000
114.000000 48.680000
115.000000 48.680000
116.000000 48.680000
117.000000 48.680000
118.000000 48.750000
119.000000 48.750000
120.000000 48.750000
121.000000 48.750000
122.000000 48.810000
123.000000 48.810000
124.000000 48.810000
125.000000 48.870000
126.000000 48.870000
127.000000 48.870000
128.000000 48.930000
129.000000 48.930000
130.000000 48.930000
131.000000 48.870000
132.000000 48.870000
133.000000 48.810000
134.000000 48.810000
135.000000 48.810000
136.000000 48.810000
137.000000 48.810000
138.000000 48.810000
139.000000 48.870000
140.000000 48.810000
141.000000 48.870000
142.000000 48.870000
143.000000 48.870000
144.000000 48.870000
145.000000 48.870000
146.000000 48.870000
147.000000 48.870000
148.000000 48.870000
149.000000 48.870000
150.000000 48.870000
151.000000 48.870000
152.000000 48.870000
153.000000 48.930000
154.000000 48.870000
155.000000 48.930000
156.000000 48.930000
157.000000 48.930000
158.000000 49.000000
159.000000 49.000000
160.000000 49.000000
161.000000 49.060000
162.000000 49.060000
163.000000 49.060000
164.000000 49.060000
165.000000 49.060000
166.000000 49.060000
167.000000 49.060000
168.000000 49.060000
169.000000 49.060000
170.000000 49.060000
171.000000 49.060000
172.000000 49.120000
173.000000 49.120000
174.000000 49.120000
175.000000 49.120000
176.000000 49.120000
177.000000 49.180000
178.000000 49.180000
179.000000 49.180000
180.000000 49.250000
181.000000 49.250000
182.000000 49.250000
183.000000 49.310000
184.000000 49.310000
185.000000 49.310000
186.000000 49.370000
187.000000 49.370000
188.000000 49.370000
189.000000 49.310000
190.000000 49.310000
191.000000 49.310000
192.000000 49.310000
193.000000 49.310000
194.000000 49.370000
195.000000 49.370000
196.000000 49.370000
197.000000 49.370000
198.000000 49.370000
199.000000 49.370000
200.000000 49.430000
201.000000 49.370000
202.000000 49.430000
203.000000 49.430000
204.000000 49.430000
205.000000 49.500000
206.000000 49.500000
207.000000 49.500000
208.000000 49.500000
209.000000 49.430000
210.000000 49.430000
211.000000 49.430000
212.000000 49.430000
213.000000 49.430000
214.000000 49.370000
215.000000 49.370000
216.000000 49.370000
217.000000 49.370000
218.000000 49.370000
219.000000 49.370000
220.000000 49.370000
221.000000 49.370000
222.000000 49.370000
223.000000 49.370000
224.000000 49.370000
225.000000 49.370000
226.000000 49.370000
227.000000 49.430000
228.000000 49.430000
229.000000 49.370000
230.000000 49.430000
231.000000 49.370000
232.000000 49.370000
233.000000 49.370000
234.000000 49.430000
235.000000 49.430000
236.000000 49.430000
237.000000 49.430000
238.000000 49.430000
239.000000 49.430000
240.000000 49.430000
241.000000 49.500000
242.000000 49.500000
243.000000 49.500000
244.000000 49.560000
245.000000 49.560000
246.000000 49.560000
247.000000 49.560000
248.000000 49.560000
249.000000 49.560000
250.000000 49.560000
251.000000 49.620000
252.000000 49.620000
253.000000 49.620000
254.000000 49.620000
255.000000 49.620000
256.000000 49.620000
257.000000 49.560000
258.000000 49.560000
259.000000 49.560000
260.000000 49.560000
261.000000 49.560000
262.000000 49.560000
263.000000 49.560000
264.000000 49.500000
265.000000 49.500000
266.000000 49.500000
267.000000 49.430000
268.000000 49.430000
269.000000 49.430000
270.000000 49.430000
271.000000 49.430000
272.000000 49.430000
273.000000 49.430000
274.000000 49.500000
275.000000 49.500000
276.000000 49.560000
277.000000 49.560000
278.000000 49.620000
279.000000 49.620000
280.000000 49.680000
281.000000 49.680000
282.000000 49.680000
283.000000 49.680000
284.000000 49.680000
285.000000 49.680000
286.000000 49.680000
287.000000 49.680000
288.000000 49.680000
289.000000 49.620000
290.000000 49.620000
291.000000 49.680000
292.000000 49.680000
293.000000 49.680000
294.000000 49.680000
295.000000 49.750000
296.000000 49.750000
297.000000 49.750000
298.000000 49.750000
299.000000 49.750000
300.000000 49.750000
301.000000 49.750000
302.000000 49.750000
303.000000 49.810000
304.000000 49.810000
305.000000 49.810000
306.000000 49.810000
307.000000 49.810000
308.000000 49.810000
309.000000 49.750000
310.000000 49.810000
311.000000 49.810000
312.000000 49.810000
313.000000 49.750000
314.000000 49.750000
315.000000 49.750000
316.000000 49.750000
317.000000 49.750000
318.000000 49.750000
319.000000 49.810000
320.000000 49.810000
321.000000 49.810000
322.000000 49.810000
323.000000 49.810000
324.000000 49.810000
325.000000 49.810000
326.000000 49.810000
327.000000 49.810000
328.000000 49.810000
329.000000 49.810000
330.000000 49.810000
331.000000 49.810000
332.000000 49.810000
333.000000 49.870000
334.000000 49.810000
335.000000 49.810000
336.000000 49.810000
337.000000 49.810000
338.000000 49.870000
339.000000 49.870000
340.000000 49.870000
341.000000 49.870000
342.000000 49.870000
343.000000 49.870000
344.000000 49.870000
345.000000 49.870000
346.000000 49.870000
347.000000 49.870000
348.000000 49.870000
349.000000 49.870000
350.000000 49.870000
351.000000 49.870000
352.000000 49.870000
353.000000 49.870000
354.000000 49.870000
355.000000 49.870000
356.000000 49.870000
357.000000 49.870000
358.000000 49.870000
359.000000 49.870000
360.000000 49.870000
361.000000 49.870000
362.000000 49.870000
363.000000 49.870000
364.000000 49.870000
365.000000 49.870000
366.000000 49.870000
367.000000 49.870000
368.000000 49.870000
369.000000 49.810000
370.000000 49.810000
371.000000 49.810000
372.000000 49.810000
373.000000 49.810000
374.000000 49.870000
375.000000 49.870000
376.000000 49.870000
377.000000 49.870000
378.000000 49.870000
379.000000 49.930000
380.000000 49.930000
381.000000 49.930000
382.000000 50.000000
383.000000 50.000000
384.000000 50.000000
385.000000 49.930000
386.000000 49.930000
387.000000 49.870000
388.000000 49.870000
389.000000 49.870000
390.000000 49.810000
391.000000 49.810000
392.000000 49.810000
393.000000 49.810000
394.000000 49.810000
395.000000 49.810000
396.000000 49.810000
397.000000 49.810000
398.000000 49.870000
399.000000 49.870000
400.000000 49.870000
401.000000 49.810000
402.000000 49.810000
403.000000 49.810000
404.000000 49.810000
