0.000000 35.810000
1.000000 35.810000
2.000000 35.810000
3.000000 35.810000
4.000000 35.810000
5.000000 35.810000
6.000000 35.810000
7.000000 35.810000
8.000000 35.810000
9.000000 35.810000
10.000000 35.810000
11.000000 35.810000
12.000000 35.870000
13.000000 35.870000
14.000000 35.930000
15.000000 35.930000
16.000000 36.000000
17.000000 36.060000
18.000000 36.120000
19.000000 36.180000
20.000000 36.250000
21.000000 36.250000
22.000000 36.370000
23.000000 36.430000
24.000000 36.500000
25.000000 36.500000
26.000000 36.620000
27.000000 36.680000
28.000000 36.750000
29.000000 36.810000
30.000000 36.870000
31.000000 36.930000
32.000000 37.000000
33.000000 37.060000
34.000000 37.120000
35.000000 37.180000
36.000000 37.250000
37.000000 37.310000
38.000000 37.370000
39.000000 37.430000
40.000000 37.500000
41.000000 37.560000
42.000000 37.620000
43.000000 37.680000
44.000000 37.750000
45.000000 37.870000
46.000000 37.930000
47.000000 38.000000
48.000000 38.060000
49.000000 38.120000
50.000000 38.180000
51.000000 38.250000
52.000000 38.310000
53.000000 38.370000
54.000000 38.430000
55.000000 38.430000
56.000000 38.500000
57.000000 38.560000
58.000000 38.620000
59.000000 38.680000
60.000000 38.750000
61.000000 38.810000
62.000000 38.870000
63.000000 38.930000
64.000000 39.000000
65.000000 39.060000
66.000000 39.120000
67.000000 39.180000
68.000000 39.180000
69.000000 39.250000
70.000000 39.310000
71.000000 39.310000
72.000000 39.370000
73.000000 39.430000
74.000000 39.430000
75.000000 39.430000
76.000000 39.500000
77.000000 39.500000
78.000000 39.500000
79.000000 39.560000
80.000000 39.620000
81.000000 39.620000
82.000000 39.620000
83.000000 39.680000
84.000000 39.680000
85.000000 39.750000
86.000000 39.750000
87.000000 39.750000
88.000000 39.810000
89.000000 39.810000
90.000000 39.810000
91.000000 39.870000
92.000000 39.870000
93.000000 39.930000
94.000000 40.000000
95.000000 40.000000
96.000000 40.060000
97.000000 40.120000
98.000000 40.120000
99.000000 40.180000
100.000000 40.250000
101.000000 40.250000
102.000000 40.310000
103.000000 40.310000
104.000000 40.370000
105.000000 40.370000
106.000000 40.370000
107.000000 40.430000
108.000000 40.430000
109.000000 40.500000
110.000000 40.500000
111.000000 40.560000
112.000000 40.560000
113.000000 40.620000
114.000000 40.620000
115.000000 40.680000
116.000000 40.680000
117.000000 40.750000
118.000000 40.750000
119.000000 40.750000
120.000000 40.810000
121.000000 40.810000
122.000000 40.810000
123.000000 40.810000
124.000000 40.810000
125.000000 40.810000
126.000000 40.810000
127.000000 40.810000
128.000000 40.810000
129.000000 40.810000
130.000000 40.870000
131.000000 40.870000
132.000000 40.870000
133.000000 40.870000
134.000000 40.930000
135.000000 40.930000
136.000000 40.930000
137.000000 41.000000
138.000000 41.000000
139.000000 41.060000
140.000000 41.060000
141.000000 41.120000
142.000000 41.120000
143.000000 41.180000
144.000000 41.250000
145.000000 41.250000
146.000000 41.250000
147.000000 41.250000
148.000000 41.250000
149.000000 41.310000
150.000000 41.250000
151.000000 41.310000
152.000000 41.250000
153.000000 41.310000
154.000000 41.310000
155.000000 41.310000
156.000000 41.310000
157.000000 41.370000
158.000000 41.370000
159.000000 41.370000
160.000000 41.370000
161.000000 41.370000
162.000000 41.370000
163.000000 41.430000
164.000000 41.430000
165.000000 41.500000
166.000000 41.500000
167.000000 41.560000
168.000000 41.560000
169.000000 41.560000
170.000000 41.620000
171.000000 41.620000
172.000000 41.620000
173.000000 41.620000
174.000000 41.620000
175.000000 41.620000
176.000000 41.680000
177.000000 41.680000
178.000000 41.680000
179.000000 41.680000
180.000000 41.620000
181.000000 41.620000
182.000000 41.620000
183.000000 41.620000
184.000000 41.620000
185.000000 41.620000
186.000000 41.680000
187.000000 41.680000
188.000000 41.680000
189.000000 41.680000
190.000000 41.750000
191.000000 41.750000
192.000000 41.750000
193.000000 41.750000
194.000000 41.750000
195.000000 41.750000
196.000000 41.750000
197.000000 41.750000
198.000000 41.750000
199.000000 41.750000
200.000000 41.810000
201.000000 41.810000
202.000000 41.810000
203.000000 41.870000
204.000000 41.870000
205.000000 41.930000
206.000000 41.930000
207.000000 41.930000
208.000000 41.930000
209.000000 41.930000
210.000000 41.930000
211.000000 41.930000
212.000000 41.930000
213.000000 41.930000
214.000000 41.930000
215.000000 41.930000
216.000000 41.930000
217.000000 41.930000
218.000000 41.930000
219.000000 41.930000
220.000000 41.930000
221.000000 42.000000
222.000000 42.000000
223.000000 42.000000
224.000000 41.930000
225.000000 41.930000
226.000000 41.930000
227.000000 41.930000
228.000000 42.000000
229.000000 42.000000
230.000000 42.000000
231.000000 42.000000
232.000000 42.000000
233.000000 42.000000
234.000000 42.060000
235.000000 42.060000
236.000000 42.060000
237.000000 42.000000
238.000000 42.000000
239.000000 42.060000
240.000000 42.060000
241.000000 42.060000
242.000000 42.060000
243.000000 42.060000
244.000000 42.060000
245.000000 42.060000
246.000000 42.060000
247.000000 42.060000
248.000000 42.060000
249.000000 42.060000
250.000000 42.060000
251.000000 42.060000
252.000000 42.120000
253.000000 42.060000
254.000000 42.060000
255.000000 42.060000
256.000000 42.060000
257.000000 42.060000
258.000000 42.060000
259.000000 42.120000
260.000000 42.120000
261.000000 42.120000
262.000000 42.120000
263.000000 42.120000
264.000000 42.180000
265.000000 42.180000
266.000000 42.180000
267.000000 42.180000
268.000000 42.180000
269.000000 42.180000
270.000000 42.180000
271.000000 42.120000
272.000000 42.120000
273.000000 42.120000
274.000000 42.180000
275.000000 42.180000
276.000000 42.180000
277.000000 42.180000
278.000000 42.180000
279.000000 42.120000
280.000000 42.120000
281.000000 42.120000
282.000000 42.120000
283.000000 42.120000
284.000000 42.180000
285.000000 42.180000
286.000000 42.180000
287.000000 42.180000
288.000000 42.180000
289.000000 42.180000
290.000000 42.250000
291.000000 42.250000
292.000000 42.250000
293.000000 42.250000
294.000000 42.250000
295.000000 42.250000
296.000000 42.250000
297.000000 42.250000
298.000000 42.310000
299.000000 42.310000
300.000000 42.310000
301.000000 42.310000
302.000000 42.310000
303.000000 42.250000
304.000000 42.250000
305.000000 42.250000
306.000000 42.250000
307.000000 42.250000
308.000000 42.250000
309.000000 42.310000
310.000000 42.310000
311.000000 42.310000
312.000000 42.310000
313.000000 42.310000
314.000000 42.310000
315.000000 42.310000
316.000000 42.310000
317.000000 42.370000
318.000000 42.370000
319.000000 42.370000
320.000000 42.430000
321.000000 42.430000
322.000000 42.430000
323.000000 42.370000
324.000000 42.370000
325.000000 42.370000
326.000000 42.430000
327.000000 42.430000
328.000000 42.430000
329.000000 42.430000
330.000000 42.430000
331.000000 42.430000
332.000000 42.430000
333.000000 42.430000
334.000000 42.430000
335.000000 42.430000
336.000000 42.430000
337.000000 42.500000
338.000000 42.500000
339.000000 42.500000
340.000000 42.500000
341.000000 42.430000
342.000000 42.430000
343.000000 42.430000
344.000000 42.430000
345.000000 42.500000
346.000000 42.430000
347.000000 42.500000
348.000000 42.500000
349.000000 42.500000
350.000000 42.500000
351.000000 42.500000
352.000000 42.500000
353.000000 42.500000
354.000000 42.500000
355.000000 42.500000
