0.000000 51.120000
1.000000 51.120000
2.000000 51.120000
3.000000 51.120000
4.000000 51.120000
5.000000 51.120000
6.000000 51.120000
7.000000 51.120000
8.000000 51.120000
9.000000 51.120000
10.000000 51.120000
11.000000 51.120000
12.000000 51.120000
13.000000 51.120000
14.000000 51.120000
15.000000 51.180000
16.000000 51.180000
17.000000 51.250000
18.000000 51.250000
19.000000 51.250000
20.000000 51.250000
21.000000 51.310000
22.000000 51.310000
23.000000 51.370000
24.000000 51.370000
25.000000 51.430000
26.000000 51.500000
27.000000 51.500000
28.000000 51.500000
29.000000 51.500000
30.000000 51.500000
31.000000 51.500000
32.000000 51.500000
33.000000 51.500000
34.000000 51.560000
35.000000 51.560000
36.000000 51.560000
37.000000 51.560000
38.000000 51.560000
39.000000 51.560000
40.000000 51.620000
41.000000 51.680000
42.000000 51.680000
43.000000 51.750000
44.000000 51.750000
45.000000 51.810000
46.000000 51.870000
47.000000 51.870000
48.000000 51.870000
49.000000 51.870000
50.000000 51.870000
51.000000 51.930000
52.000000 51.930000
53.000000 52.000000
54.000000 52.000000
55.000000 52.000000
56.000000 52.060000
57.000000 52.060000
58.000000 52.060000
59.000000 52.060000
60.000000 52.120000
61.000000 52.120000
62.000000 52.180000
63.000000 52.180000
64.000000 52.180000
65.000000 52.180000
66.000000 52.180000
67.000000 52.180000
68.000000 52.180000
69.000000 52.180000
70.000000 52.180000
71.000000 52.250000
72.000000 52.250000
73.000000 52.180000
74.000000 52.180000
75.000000 52.180000
76.000000 52.180000
77.000000 52.250000
78.000000 52.250000
79.000000 52.250000
80.000000 52.250000
81.000000 52.310000
82.000000 52.250000
83.000000 52.250000
84.000000 52.250000
85.000000 52.250000
86.000000 52.250000
87.000000 52.310000
88.000000 52.310000
89.000000 52.370000
90.000000 52.370000
91.000000 52.370000
92.000000 52.370000
93.000000 52.370000
94.000000 52.430000
95.000000 52.430000
96.000000 52.430000
97.000000 52.500000
98.000000 52.500000
99.000000 52.560000
100.000000 52.560000
101.000000 52.560000
102.000000 52.560000
103.000000 52.560000
104.000000 52.560000
105.000000 52.560000
106.000000 52.620000
107.000000 52.620000
108.000000 52.620000
109.000000 52.620000
110.000000 52.620000
111.000000 52.620000
112.000000 52.620000
113.000000 52.620000
114.000000 52.620000
115.000000 52.620000
116.000000 52.680000
117.000000 52.680000
118.000000 52.750000
119.000000 52.810000
120.000000 52.870000
121.000000 52.870000
122.000000 52.930000
123.000000 52.930000
124.000000 52.930000
125.000000 52.930000
126.000000 52.930000
127.000000 52.930000
128.000000 52.930000
129.000000 52.930000
130.000000 53.000000
131.000000 52.930000
132.000000 52.930000
133.000000 52.930000
134.000000 53.000000
135.000000 53.000000
136.000000 53.000000
137.000000 53.000000
138.000000 53.000000
139.000000 53.000000
140.000000 53.000000
141.000000 53.000000
142.000000 52.930000
143.000000 52.930000
144.000000 52.930000
145.000000 52.870000
146.000000 52.870000
147.000000 52.810000
148.000000 52.870000
149.000000 52.870000
150.000000 52.870000
151.000000 52.930000
152.000000 52.870000
153.000000 52.870000
154.000000 52.870000
155.000000 52.870000
156.000000 52.870000
157.000000 52.870000
158.000000 52.810000
159.000000 52.810000
160.000000 52.810000
161.000000 52.810000
162.000000 52.870000
163.000000 52.870000
164.000000 52.810000
165.000000 52.810000
166.000000 52.810000
167.000000 52.810000
168.000000 52.870000
169.000000 52.870000
170.000000 52.930000
171.000000 52.930000
172.000000 53.000000
173.000000 53.000000
174.000000 53.000000
175.000000 53.060000
176.000000 53.060000
177.000000 53.060000
178.000000 53.120000
179.000000 53.120000
180.000000 53.120000
181.000000 53.120000
182.000000 53.120000
183.000000 53.180000
184.000000 53.180000
185.000000 53.120000
186.000000 53.120000
187.000000 53.120000
188.000000 53.120000
189.000000 53.120000
190.000000 53.120000
191.000000 53.120000
192.000000 53.120000
193.000000 53.180000
194.000000 53.180000
195.000000 53.180000
196.000000 53.180000
197.000000 53.180000
198.000000 53.180000
199.000000 53.180000
200.000000 53.180000
201.000000 53.180000
202.000000 53.250000
203.000000 53.250000
204.000000 53.310000
205.000000 53.310000
206.000000 53.250000
207.000000 53.250000
208.000000 53.180000
209.000000 53.180000
210.000000 53.180000
211.000000 53.250000
212.000000 53.250000
213.000000 53.250000
214.000000 53.250000
215.000000 53.310000
216.000000 53.310000
217.000000 53.310000
218.000000 53.310000
219.000000 53.310000
220.000000 53.310000
221.000000 53.370000
222.000000 53.370000
223.000000 53.370000
224.000000 53.370000
225.000000 53.370000
226.000000 53.370000
227.000000 53.370000
228.000000 53.310000
229.000000 53.310000
230.000000 53.310000
231.000000 53.250000
232.000000 53.250000
233.000000 53.250000
234.000000 53.250000
235.000000 53.310000
236.000000 53.310000
237.000000 53.310000
238.000000 53.310000
239.000000 53.310000
240.000000 53.310000
241.000000 53.310000
242.000000 53.310000
243.000000 53.250000
244.000000 53.250000
245.000000 53.250000
246.000000 53.250000
247.000000 53.250000
248.000000 53.250000
249.000000 53.180000
250.000000 53.180000
251.000000 53.180000
252.000000 53.120000
253.000000 53.120000
254.000000 53.180000
255.000000 53.180000
256.000000 53.180000
257.000000 53.180000
258.000000 53.180000
259.000000 53.180000
260.000000 53.180000
261.000000 53.120000
262.000000 53.120000
263.000000 53.120000
264.000000 53.180000
265.000000 53.180000
266.000000 53.180000
267.000000 53.250000
268.000000 53.250000
269.000000 53.250000
270.000000 53.310000
271.000000 53.310000
272.000000 53.310000
273.000000 53.310000
274.000000 53.370000
275.000000 53.370000
276.000000 53.310000
277.000000 53.310000
278.000000 53.310000
279.000000 53.310000
280.000000 53.310000
281.000000 53.370000
282.000000 53.370000
283.000000 53.370000
284.000000 53.370000
285.000000 53.430000
286.000000 53.430000
287.000000 53.370000
288.000000 53.370000
289.000000 53.370000
290.000000 53.370000
291.000000 53.370000
292.000000 53.370000
293.000000 53.370000
294.000000 53.370000
295.000000 53.310000
296.000000 53.310000
297.000000 53.310000
298.000000 53.310000
299.000000 53.310000
300.000000 53.310000
301.000000 53.310000
302.000000 53.310000
303.000000 53.310000
304.000000 53.310000
305.000000 53.310000
306.000000 53.310000
307.000000 53.370000
308.000000 53.370000
309.000000 53.370000
310.000000 53.370000
311.000000 53.370000
312.000000 53.370000
313.000000 53.370000
314.000000 53.370000
315.000000 53.430000
316.000000 53.430000
317.000000 53.430000
318.000000 53.430000
319.000000 53.430000
320.000000 53.370000
321.000000 53.430000
322.000000 53.430000
323.000000 53.430000
324.000000 53.430000
325.000000 53.430000
326.000000 53.430000
327.000000 53.430000
328.000000 53.430000
329.000000 53.430000
330.000000 53.430000
331.000000 53.430000
332.000000 53.430000
333.000000 53.370000
334.000000 53.430000
335.000000 53.430000
336.000000 53.500000
337.000000 53.500000
338.000000 53.430000
339.000000 53.430000
340.000000 53.430000
341.000000 53.430000
342.000000 53.430000
343.000000 53.430000
344.000000 53.430000
345.000000 53.430000
346.000000 53.430000
347.000000 53.370000
348.000000 53.370000
349.000000 53.370000
350.000000 53.310000
351.000000 53.310000
352.000000 53.310000
353.000000 53.250000
354.000000 53.250000
355.000000 53.310000
356.000000 53.310000
357.000000 53.310000
358.000000 53.310000
359.000000 53.310000
360.000000 53.250000
361.000000 53.250000
362.000000 53.250000
363.000000 53.250000
364.000000 53.250000
365.000000 53.250000
366.000000 53.250000
367.000000 53.250000
368.000000 53.250000
369.000000 53.310000
370.000000 53.310000
371.000000 53.310000
372.000000 53.370000
373.000000 53.370000
374.000000 53.370000
375.000000 53.370000
376.000000 53.370000
377.000000 53.370000
378.000000 53.370000
379.000000 53.370000
380.000000 53.370000
381.000000 53.370000
382.000000 53.370000
383.000000 53.310000
384.000000 53.310000
385.000000 53.370000
386.000000 53.370000
387.000000 53.370000
388.000000 53.430000
389.000000 53.430000
390.000000 53.430000
391.000000 53.370000
392.000000 53.370000
393.000000 53.370000
394.000000 53.370000
395.000000 53.370000
396.000000 53.370000
397.000000 53.370000
398.000000 53.370000
399.000000 53.370000
400.000000 53.370000
401.000000 53.310000
402.000000 53.310000
403.000000 53.310000
404.000000 53.310000
405.000000 53.250000
406.000000 53.250000
407.000000 53.250000
408.000000 53.250000
409.000000 53.310000
